l10n,0.1.0,com.mysema.l10n,central-proxy,https://repository.sonatype.org/service/local/artifact/maven/redirect?r=central-proxy&g=com.mysema.l10n&a=l10n&v=0.1.0&e=pom, ,
l10n,0.1.1,com.mysema.l10n,central-proxy,https://repository.sonatype.org/service/local/artifact/maven/redirect?r=central-proxy&g=com.mysema.l10n&a=l10n&v=0.1.1&e=pom, ,
l10n-distribution,3.0-b69,org.glassfish.l10n,central-proxy,https://repository.sonatype.org/service/local/artifact/maven/redirect?r=central-proxy&g=org.glassfish.l10n&a=l10n-distribution&v=3.0-b69&e=pom, ,
l10n-distribution,3.0-b70,org.glassfish.l10n,central-proxy,https://repository.sonatype.org/service/local/artifact/maven/redirect?r=central-proxy&g=org.glassfish.l10n&a=l10n-distribution&v=3.0-b70&e=pom, ,
l10n-distribution,3.0-b71,org.glassfish.l10n,central-proxy,https://repository.sonatype.org/service/local/artifact/maven/redirect?r=central-proxy&g=org.glassfish.l10n&a=l10n-distribution&v=3.0-b71&e=pom, ,
l10n,0.1.0,com.mysema.l10n,central-proxy,https://repository.sonatype.org/service/local/artifact/maven/redirect?r=central-proxy&g=com.mysema.l10n&a=l10n&v=0.1.0&e=pom, ,
l10n,0.1.1,com.mysema.l10n,central-proxy,https://repository.sonatype.org/service/local/artifact/maven/redirect?r=central-proxy&g=com.mysema.l10n&a=l10n&v=0.1.1&e=pom, ,
l10n-distribution,3.0-b69,org.glassfish.l10n,central-proxy,https://repository.sonatype.org/service/local/artifact/maven/redirect?r=central-proxy&g=org.glassfish.l10n&a=l10n-distribution&v=3.0-b69&e=pom, ,
l10n-distribution,3.0-b70,org.glassfish.l10n,central-proxy,https://repository.sonatype.org/service/local/artifact/maven/redirect?r=central-proxy&g=org.glassfish.l10n&a=l10n-distribution&v=3.0-b70&e=pom, ,
l10n-distribution,3.0-b71,org.glassfish.l10n,central-proxy,https://repository.sonatype.org/service/local/artifact/maven/redirect?r=central-proxy&g=org.glassfish.l10n&a=l10n-distribution&v=3.0-b71&e=pom, ,
l10n-distribution,3.0-b73,org.glassfish.l10n,central-proxy,https://repository.sonatype.org/service/local/artifact/maven/redirect?r=central-proxy&g=org.glassfish.l10n&a=l10n-distribution&v=3.0-b73&e=pom, ,
l10n-distribution,3.0-b74,org.glassfish.l10n,central-proxy,https://repository.sonatype.org/service/local/artifact/maven/redirect?r=central-proxy&g=org.glassfish.l10n&a=l10n-distribution&v=3.0-b74&e=pom, ,
l10n-distribution,3.0.1-b01,org.glassfish.l10n,central-proxy,https://repository.sonatype.org/service/local/artifact/maven/redirect?r=central-proxy&g=org.glassfish.l10n&a=l10n-distribution&v=3.0.1-b01&e=pom, ,
l10n-distribution,3.0.1-b16,org.glassfish.l10n,central-proxy,https://repository.sonatype.org/service/local/artifact/maven/redirect?r=central-proxy&g=org.glassfish.l10n&a=l10n-distribution&v=3.0.1-b16&e=pom, ,
l10n-distribution,3.0.1-b17,org.glassfish.l10n,central-proxy,https://repository.sonatype.org/service/local/artifact/maven/redirect?r=central-proxy&g=org.glassfish.l10n&a=l10n-distribution&v=3.0.1-b17&e=pom, ,
l10n-distribution,3.0.1-b20,org.glassfish.l10n,central-proxy,https://repository.sonatype.org/service/local/artifact/maven/redirect?r=central-proxy&g=org.glassfish.l10n&a=l10n-distribution&v=3.0.1-b20&e=pom, ,
l10n-distribution,3.1-b20,org.glassfish.l10n,central-proxy,https://repository.sonatype.org/service/local/artifact/maven/redirect?r=central-proxy&g=org.glassfish.l10n&a=l10n-distribution&v=3.1-b20&e=pom, ,
l10n-distribution,3.1-b32,org.glassfish.l10n,central-proxy,https://repository.sonatype.org/service/local/artifact/maven/redirect?r=central-proxy&g=org.glassfish.l10n&a=l10n-distribution&v=3.1-b32&e=pom, ,
l10n-distribution,3.1-b34,org.glassfish.l10n,central-proxy,https://repository.sonatype.org/service/local/artifact/maven/redirect?r=central-proxy&g=org.glassfish.l10n&a=l10n-distribution&v=3.1-b34&e=pom, ,
l10n-distribution,3.1-b36,org.glassfish.l10n,central-proxy,https://repository.sonatype.org/service/local/artifact/maven/redirect?r=central-proxy&g=org.glassfish.l10n&a=l10n-distribution&v=3.1-b36&e=pom, ,
l10n-distribution,3.1-b38,org.glassfish.l10n,central-proxy,https://repository.sonatype.org/service/local/artifact/maven/redirect?r=central-proxy&g=org.glassfish.l10n&a=l10n-distribution&v=3.1-b38&e=pom, ,
l10n-distribution,3.1-b39,org.glassfish.l10n,central-proxy,https://repository.sonatype.org/service/local/artifact/maven/redirect?r=central-proxy&g=org.glassfish.l10n&a=l10n-distribution&v=3.1-b39&e=pom, ,
l10n-distribution,3.1-b40,org.glassfish.l10n,central-proxy,https://repository.sonatype.org/service/local/artifact/maven/redirect?r=central-proxy&g=org.glassfish.l10n&a=l10n-distribution&v=3.1-b40&e=pom, ,
l10n-distribution,3.1-b41,org.glassfish.l10n,central-proxy,https://repository.sonatype.org/service/local/artifact/maven/redirect?r=central-proxy&g=org.glassfish.l10n&a=l10n-distribution&v=3.1-b41&e=pom, ,
l10n-distribution,3.1.1-b04,org.glassfish.l10n,central-proxy,https://repository.sonatype.org/service/local/artifact/maven/redirect?r=central-proxy&g=org.glassfish.l10n&a=l10n-distribution&v=3.1.1-b04&e=pom, ,
l10n-distribution,3.1.1-b05,org.glassfish.l10n,central-proxy,https://repository.sonatype.org/service/local/artifact/maven/redirect?r=central-proxy&g=org.glassfish.l10n&a=l10n-distribution&v=3.1.1-b05&e=pom, ,
l10n-distribution,3.1.1-b06,org.glassfish.l10n,central-proxy,https://repository.sonatype.org/service/local/artifact/maven/redirect?r=central-proxy&g=org.glassfish.l10n&a=l10n-distribution&v=3.1.1-b06&e=pom, ,
l10n-distribution,3.1.1-b10,org.glassfish.l10n,central-proxy,https://repository.sonatype.org/service/local/artifact/maven/redirect?r=central-proxy&g=org.glassfish.l10n&a=l10n-distribution&v=3.1.1-b10&e=pom, ,
l10n-distribution,3.1.1-b11,org.glassfish.l10n,central-proxy,https://repository.sonatype.org/service/local/artifact/maven/redirect?r=central-proxy&g=org.glassfish.l10n&a=l10n-distribution&v=3.1.1-b11&e=pom, ,
l2fprod-common-buttonbar,6.9.1,com.l2fprod.common,central-proxy,https://repository.sonatype.org/service/local/artifact/maven/redirect?r=central-proxy&g=com.l2fprod.common&a=l2fprod-common-buttonbar&v=6.9.1&e=pom,SCM[https://svn.java.net/svn/l2fprod-common~svn;http://java.net/projects/l2fprod-common/sources/svn/show],
l2fprod-common-directorychooser,6.9.1,com.l2fprod.common,central-proxy,https://repository.sonatype.org/service/local/artifact/maven/redirect?r=central-proxy&g=com.l2fprod.common&a=l2fprod-common-directorychooser&v=6.9.1&e=pom,SCM[https://svn.java.net/svn/l2fprod-common~svn;http://java.net/projects/l2fprod-common/sources/svn/show],
l2fprod-common-fontchooser,6.9.1,com.l2fprod.common,central-proxy,https://repository.sonatype.org/service/local/artifact/maven/redirect?r=central-proxy&g=com.l2fprod.common&a=l2fprod-common-fontchooser&v=6.9.1&e=pom,SCM[https://svn.java.net/svn/l2fprod-common~svn;http://java.net/projects/l2fprod-common/sources/svn/show],
l2fprod-common-outlookbar,6.9.1,com.l2fprod.common,central-proxy,https://repository.sonatype.org/service/local/artifact/maven/redirect?r=central-proxy&g=com.l2fprod.common&a=l2fprod-common-outlookbar&v=6.9.1&e=pom,SCM[https://svn.java.net/svn/l2fprod-common~svn;http://java.net/projects/l2fprod-common/sources/svn/show],
l2fprod-common-shared,6.9.1,com.l2fprod.common,central-proxy,https://repository.sonatype.org/service/local/artifact/maven/redirect?r=central-proxy&g=com.l2fprod.common&a=l2fprod-common-shared&v=6.9.1&e=pom,SCM[https://svn.java.net/svn/l2fprod-common~svn;http://java.net/projects/l2fprod-common/sources/svn/show],
l2fprod-common-tasks,6.9.1,com.l2fprod.common,central-proxy,https://repository.sonatype.org/service/local/artifact/maven/redirect?r=central-proxy&g=com.l2fprod.common&a=l2fprod-common-tasks&v=6.9.1&e=pom,SCM[https://svn.java.net/svn/l2fprod-common~svn;http://java.net/projects/l2fprod-common/sources/svn/show],
l2fprod-common-totd,6.9.1,com.l2fprod.common,central-proxy,https://repository.sonatype.org/service/local/artifact/maven/redirect?r=central-proxy&g=com.l2fprod.common&a=l2fprod-common-totd&v=6.9.1&e=pom,SCM[https://svn.java.net/svn/l2fprod-common~svn;http://java.net/projects/l2fprod-common/sources/svn/show],
l2fprod-common,0.1,org.nuiton.thirdparty,central-proxy,https://repository.sonatype.org/service/local/artifact/maven/redirect?r=central-proxy&g=org.nuiton.thirdparty&a=l2fprod-common&v=0.1&e=pom, ,
laf-plugin,0.2,net.java.dev.laf-plugin,central-proxy,https://repository.sonatype.org/service/local/artifact/maven/redirect?r=central-proxy&g=net.java.dev.laf-plugin&a=laf-plugin&v=0.2&e=pom,SCM[scm:cvs:pserver:guest@cvs.dev.java.net:/cvs:laf-plugin;https://laf-plugin.dev.java.net/source/browse/laf-plugin/],
laf-widget,2.1,net.java.dev.laf-widget,central-proxy,https://repository.sonatype.org/service/local/artifact/maven/redirect?r=central-proxy&g=net.java.dev.laf-widget&a=laf-widget&v=2.1&e=pom,SCM[scm:cvs:pserver:guest@cvs.dev.java.net:/cvs:laf-widget;https://laf-widget.dev.java.net/source/browse/laf-widget/],
lambdaj,1.10,com.googlecode.lambdaj,central-proxy,https://repository.sonatype.org/service/local/artifact/maven/redirect?r=central-proxy&g=com.googlecode.lambdaj&a=lambdaj&v=1.10&e=pom, ,
lambdaj,2.1,com.googlecode.lambdaj,central-proxy,https://repository.sonatype.org/service/local/artifact/maven/redirect?r=central-proxy&g=com.googlecode.lambdaj&a=lambdaj&v=2.1&e=pom, ,
lambico-core,1.0-beta-05,org.lambico,central-proxy,https://repository.sonatype.org/service/local/artifact/maven/redirect?r=central-proxy&g=org.lambico&a=lambico-core&v=1.0-beta-05&e=pom, ,
lambico-spring,1.0-beta-05,org.lambico,central-proxy,https://repository.sonatype.org/service/local/artifact/maven/redirect?r=central-proxy&g=org.lambico&a=lambico-spring&v=1.0-beta-05&e=pom, ,
lambico-spring-hibernate,1.0-beta-05,org.lambico,central-proxy,https://repository.sonatype.org/service/local/artifact/maven/redirect?r=central-proxy&g=org.lambico&a=lambico-spring-hibernate&v=1.0-beta-05&e=pom, ,
lambico-test,1.0-beta-05,org.lambico,central-proxy,https://repository.sonatype.org/service/local/artifact/maven/redirect?r=central-proxy&g=org.lambico&a=lambico-test&v=1.0-beta-05&e=pom, ,
lambdaj,2.2,com.googlecode.lambdaj,central-proxy,https://repository.sonatype.org/service/local/artifact/maven/redirect?r=central-proxy&g=com.googlecode.lambdaj&a=lambdaj&v=2.2&e=pom, ,
lambico-core,1.0-beta-06,org.lambico,central-proxy,https://repository.sonatype.org/service/local/artifact/maven/redirect?r=central-proxy&g=org.lambico&a=lambico-core&v=1.0-beta-06&e=pom, ,
lambico-spring,1.0-beta-06,org.lambico,central-proxy,https://repository.sonatype.org/service/local/artifact/maven/redirect?r=central-proxy&g=org.lambico&a=lambico-spring&v=1.0-beta-06&e=pom, ,
lambico-spring-hibernate,1.0-beta-06,org.lambico,central-proxy,https://repository.sonatype.org/service/local/artifact/maven/redirect?r=central-proxy&g=org.lambico&a=lambico-spring-hibernate&v=1.0-beta-06&e=pom, ,
lambico-test,1.0-beta-06,org.lambico,central-proxy,https://repository.sonatype.org/service/local/artifact/maven/redirect?r=central-proxy&g=org.lambico&a=lambico-test&v=1.0-beta-06&e=pom, ,
laf-plugin,1.1,net.java.dev.laf-plugin,central-proxy,https://repository.sonatype.org/service/local/artifact/maven/redirect?r=central-proxy&g=net.java.dev.laf-plugin&a=laf-plugin&v=1.1&e=pom,SCM[https://laf-plugin.dev.java.net/svn/laf-plugin/trunk;https://laf-plugin.dev.java.net/source/browse/laf-plugin/],
larex-io,0.9.0,org.codehaus.larex,central-proxy,https://repository.sonatype.org/service/local/artifact/maven/redirect?r=central-proxy&g=org.codehaus.larex&a=larex-io&v=0.9.0&e=pom,SCM[scm:svn:http://svn.codehaus.org/larex/larex-io/tags/larex-io-0.9.0;http://svn.larex.codehaus.org/browse/larex/larex-io/tags/larex-io-0.9.0],
laf-widget,5.0,net.java.dev.laf-widget,central-proxy,https://repository.sonatype.org/service/local/artifact/maven/redirect?r=central-proxy&g=net.java.dev.laf-widget&a=laf-widget&v=5.0&e=pom,SCM[scm:cvs:pserver:guest@cvs.dev.java.net:/cvs:laf-widget;https://laf-widget.dev.java.net/source/browse/laf-widget/],
lambdaj,2.3,com.googlecode.lambdaj,central-proxy,https://repository.sonatype.org/service/local/artifact/maven/redirect?r=central-proxy&g=com.googlecode.lambdaj&a=lambdaj&v=2.3&e=pom, ,
lambdaj,2.3.1,com.googlecode.lambdaj,central-proxy,https://repository.sonatype.org/service/local/artifact/maven/redirect?r=central-proxy&g=com.googlecode.lambdaj&a=lambdaj&v=2.3.1&e=pom, ,
labmanagement-rest-api-client,1.0,com.collabnet.labmanagement.api,central-proxy,https://repository.sonatype.org/service/local/artifact/maven/redirect?r=central-proxy&g=com.collabnet.labmanagement.api&a=labmanagement-rest-api-client&v=1.0&e=pom, ,
labmanagement-rest-api-client,1.1,com.collabnet.labmanagement.api,central-proxy,https://repository.sonatype.org/service/local/artifact/maven/redirect?r=central-proxy&g=com.collabnet.labmanagement.api&a=labmanagement-rest-api-client&v=1.1&e=pom, ,
labmanagement-rest-api-client,1.2,com.collabnet.labmanagement.api,central-proxy,https://repository.sonatype.org/service/local/artifact/maven/redirect?r=central-proxy&g=com.collabnet.labmanagement.api&a=labmanagement-rest-api-client&v=1.2&e=pom, ,
lambdaj,2.0,com.googlecode.lambdaj,central-proxy,https://repository.sonatype.org/service/local/artifact/maven/redirect?r=central-proxy&g=com.googlecode.lambdaj&a=lambdaj&v=2.0&e=pom, ,
larex-root,1,org.codehaus.larex,central-proxy,https://repository.sonatype.org/service/local/artifact/maven/redirect?r=central-proxy&g=org.codehaus.larex&a=larex-root&v=1&e=pom,SCM[scm:svn:http://svn.codehaus.org/larex/larex-root-1;http://svn.larex.codehaus.org/larex-root-1],
lambico,1.0-beta-05,org.lambico,central-proxy,https://repository.sonatype.org/service/local/artifact/maven/redirect?r=central-proxy&g=org.lambico&a=lambico&v=1.0-beta-05&e=pom,SCM[scm:hg:https://lambico.googlecode.com/hg/lambico;http://code.google.com/p/lambico/source/browse/lambico],
lambico,1.0-beta-06,org.lambico,central-proxy,https://repository.sonatype.org/service/local/artifact/maven/redirect?r=central-proxy&g=org.lambico&a=lambico&v=1.0-beta-06&e=pom,SCM[scm:hg:https://lambico.googlecode.com/hg/lambico;http://code.google.com/p/lambico/source/browse/lambico],
larex-root,2,org.codehaus.larex,central-proxy,https://repository.sonatype.org/service/local/artifact/maven/redirect?r=central-proxy&g=org.codehaus.larex&a=larex-root&v=2&e=pom,SCM[scm:svn:http://svn.codehaus.org/larex/larex-root/tags/larex-root-2;http://svn.larex.codehaus.org/browse/larex/larex-root/tags/larex-root-2],
larex-root,3,org.codehaus.larex,central-proxy,https://repository.sonatype.org/service/local/artifact/maven/redirect?r=central-proxy&g=org.codehaus.larex&a=larex-root&v=3&e=pom,SCM[scm:svn:http://svn.codehaus.org/larex/larex-root/tags/larex-root-3;http://svn.larex.codehaus.org/browse/larex/larex-root/tags/larex-root-3],
larex-root,4,org.codehaus.larex,central-proxy,https://repository.sonatype.org/service/local/artifact/maven/redirect?r=central-proxy&g=org.codehaus.larex&a=larex-root&v=4&e=pom,SCM[scm:svn:http://svn.codehaus.org/larex/larex-root/tags/larex-root-4;http://svn.larex.codehaus.org/browse/larex/larex-root/tags/larex-root-4],
larex-root,5,org.codehaus.larex,central-proxy,https://repository.sonatype.org/service/local/artifact/maven/redirect?r=central-proxy&g=org.codehaus.larex&a=larex-root&v=5&e=pom,SCM[scm:git:git://git.codehaus.org/larex-root.git;http://git.codehaus.org/gitweb.cgi?p=larex-root.git],
larex-root,7,org.codehaus.larex,central-proxy,https://repository.sonatype.org/service/local/artifact/maven/redirect?r=central-proxy&g=org.codehaus.larex&a=larex-root&v=7&e=pom,SCM[scm:git:git://git.codehaus.org/larex-root.git;http://git.codehaus.org/gitweb.cgi?p=larex-root.git],
larex-root,8,org.codehaus.larex,central-proxy,https://repository.sonatype.org/service/local/artifact/maven/redirect?r=central-proxy&g=org.codehaus.larex&a=larex-root&v=8&e=pom,SCM[scm:git:git://git.codehaus.org/larex-root.git;http://git.codehaus.org/gitweb.cgi?p=larex-root.git],
ldap-common,1.9-SNAPSHOT,org.sonatype.security.realms.ldap,snapshots,https://repository.sonatype.org/service/local/artifact/maven/redirect?r=snapshots&g=org.sonatype.security.realms.ldap&a=ldap-common&v=1.9-SNAPSHOT&e=pom, ,
ldap-common,1.9-M2-SNAPSHOT,org.sonatype.security.realms.ldap,snapshots,https://repository.sonatype.org/service/local/artifact/maven/redirect?r=snapshots&g=org.sonatype.security.realms.ldap&a=ldap-common&v=1.9-M2-SNAPSHOT&e=pom, ,
ldap-common,1.8.1-SNAPSHOT,org.sonatype.security.realms.ldap,snapshots,https://repository.sonatype.org/service/local/artifact/maven/redirect?r=snapshots&g=org.sonatype.security.realms.ldap&a=ldap-common&v=1.8.1-SNAPSHOT&e=pom, ,
ldap-common,1.8.0.2-SNAPSHOT,org.sonatype.security.realms.ldap,snapshots,https://repository.sonatype.org/service/local/artifact/maven/redirect?r=snapshots&g=org.sonatype.security.realms.ldap&a=ldap-common&v=1.8.0.2-SNAPSHOT&e=pom, ,
ldap-common,1.7.3-SNAPSHOT,org.sonatype.security.realms.ldap,snapshots,https://repository.sonatype.org/service/local/artifact/maven/redirect?r=snapshots&g=org.sonatype.security.realms.ldap&a=ldap-common&v=1.7.3-SNAPSHOT&e=pom, ,
ldap-common,1.6.2-SNAPSHOT,org.sonatype.security.realms.ldap,snapshots,https://repository.sonatype.org/service/local/artifact/maven/redirect?r=snapshots&g=org.sonatype.security.realms.ldap&a=ldap-common&v=1.6.2-SNAPSHOT&e=pom, ,
ldap-common,1.5.1-SNAPSHOT,org.sonatype.security.realms.ldap,snapshots,https://repository.sonatype.org/service/local/artifact/maven/redirect?r=snapshots&g=org.sonatype.security.realms.ldap&a=ldap-common&v=1.5.1-SNAPSHOT&e=pom, ,
ldap-common,1.4.2-SNAPSHOT,org.sonatype.security.realms.ldap,snapshots,https://repository.sonatype.org/service/local/artifact/maven/redirect?r=snapshots&g=org.sonatype.security.realms.ldap&a=ldap-common&v=1.4.2-SNAPSHOT&e=pom, ,
ldap-common,1.9.3-OL-SNAPSHOT,org.sonatype.nexus.plugins.ldap,snapshots,https://repository.sonatype.org/service/local/artifact/maven/redirect?r=snapshots&g=org.sonatype.nexus.plugins.ldap&a=ldap-common&v=1.9.3-OL-SNAPSHOT&e=pom, ,
ldap-common,1.9.2-SNAPSHOT,org.sonatype.nexus.plugins.ldap,snapshots,https://repository.sonatype.org/service/local/artifact/maven/redirect?r=snapshots&g=org.sonatype.nexus.plugins.ldap&a=ldap-common&v=1.9.2-SNAPSHOT&e=pom, ,
ldap-common,1.9.2-INSIGHT-SNAPSHOT,org.sonatype.nexus.plugins.ldap,snapshots,https://repository.sonatype.org/service/local/artifact/maven/redirect?r=snapshots&g=org.sonatype.nexus.plugins.ldap&a=ldap-common&v=1.9.2-INSIGHT-SNAPSHOT&e=pom, ,
ldap-common,1.9.1-SNAPSHOT,org.sonatype.nexus.plugins.ldap,snapshots,https://repository.sonatype.org/service/local/artifact/maven/redirect?r=snapshots&g=org.sonatype.nexus.plugins.ldap&a=ldap-common&v=1.9.1-SNAPSHOT&e=pom, ,
ldap-common,1.9.0.3-SNAPSHOT,org.sonatype.nexus.plugins.ldap,snapshots,https://repository.sonatype.org/service/local/artifact/maven/redirect?r=snapshots&g=org.sonatype.nexus.plugins.ldap&a=ldap-common&v=1.9.0.3-SNAPSHOT&e=pom, ,
ldap-common,1.11-SNAPSHOT,org.sonatype.nexus.plugins.ldap,snapshots,https://repository.sonatype.org/service/local/artifact/maven/redirect?r=snapshots&g=org.sonatype.nexus.plugins.ldap&a=ldap-common&v=1.11-SNAPSHOT&e=pom, ,
ldap-common,1.10-SNAPSHOT,org.sonatype.nexus.plugins.ldap,snapshots,https://repository.sonatype.org/service/local/artifact/maven/redirect?r=snapshots&g=org.sonatype.nexus.plugins.ldap&a=ldap-common&v=1.10-SNAPSHOT&e=pom, ,
ldap-common,1.9.3-SNAPSHOT,org.sonatype.nexus.plugins.ldap,snapshots,https://repository.sonatype.org/service/local/artifact/maven/redirect?r=snapshots&g=org.sonatype.nexus.plugins.ldap&a=ldap-common&v=1.9.3-SNAPSHOT&e=pom, ,
ldapsdk,4.1,ldapsdk,central-proxy,https://repository.sonatype.org/service/local/artifact/maven/redirect?r=central-proxy&g=ldapsdk&a=ldapsdk&v=4.1&e=pom, ,
ldaptemplate,1.0.1,net.sf.ldaptemplate,central-proxy,https://repository.sonatype.org/service/local/artifact/maven/redirect?r=central-proxy&g=net.sf.ldaptemplate&a=ldaptemplate&v=1.0.1&e=pom, ,
ldaptemplate,1.0.2,net.sf.ldaptemplate,central-proxy,https://repository.sonatype.org/service/local/artifact/maven/redirect?r=central-proxy&g=net.sf.ldaptemplate&a=ldaptemplate&v=1.0.2&e=pom, ,
ldap-common,1.5.0,org.sonatype.security.realms.ldap,central-proxy,https://repository.sonatype.org/service/local/artifact/maven/redirect?r=central-proxy&g=org.sonatype.security.realms.ldap&a=ldap-common&v=1.5.0&e=pom, ,
ldap-client,0.1,org.apache.directory.client.ldap,central-proxy,https://repository.sonatype.org/service/local/artifact/maven/redirect?r=central-proxy&g=org.apache.directory.client.ldap&a=ldap-client&v=0.1&e=pom,SCM[scm:svn:http://svn.apache.org/repos/asf/directory/clients/ldap/tags/0.1;http://svn.apache.org/viewvc/directory/clients/ldap/tags/0.1],
ldap-client-api,0.1,org.apache.directory.client.ldap,central-proxy,https://repository.sonatype.org/service/local/artifact/maven/redirect?r=central-proxy&g=org.apache.directory.client.ldap&a=ldap-client-api&v=0.1&e=pom, ,
ldap-common,1.6.0,org.sonatype.security.realms.ldap,central-proxy,https://repository.sonatype.org/service/local/artifact/maven/redirect?r=central-proxy&g=org.sonatype.security.realms.ldap&a=ldap-common&v=1.6.0&e=pom, ,
ldap-common,1.6.1,org.sonatype.security.realms.ldap,central-proxy,https://repository.sonatype.org/service/local/artifact/maven/redirect?r=central-proxy&g=org.sonatype.security.realms.ldap&a=ldap-common&v=1.6.1&e=pom, ,
ldap-common,1.6.1.1,org.sonatype.security.realms.ldap,central-proxy,https://repository.sonatype.org/service/local/artifact/maven/redirect?r=central-proxy&g=org.sonatype.security.realms.ldap&a=ldap-common&v=1.6.1.1&e=pom, ,
ldap-common,1.7.0,org.sonatype.security.realms.ldap,central-proxy,https://repository.sonatype.org/service/local/artifact/maven/redirect?r=central-proxy&g=org.sonatype.security.realms.ldap&a=ldap-common&v=1.7.0&e=pom, ,
ldap-common,1.7.1,org.sonatype.security.realms.ldap,central-proxy,https://repository.sonatype.org/service/local/artifact/maven/redirect?r=central-proxy&g=org.sonatype.security.realms.ldap&a=ldap-common&v=1.7.1&e=pom, ,
ldap-common,1.7.2,org.sonatype.security.realms.ldap,central-proxy,https://repository.sonatype.org/service/local/artifact/maven/redirect?r=central-proxy&g=org.sonatype.security.realms.ldap&a=ldap-common&v=1.7.2&e=pom, ,
ldap-common,1.8.0,org.sonatype.security.realms.ldap,central-proxy,https://repository.sonatype.org/service/local/artifact/maven/redirect?r=central-proxy&g=org.sonatype.security.realms.ldap&a=ldap-common&v=1.8.0&e=pom, ,
ldap-common,1.8.0.1,org.sonatype.security.realms.ldap,central-proxy,https://repository.sonatype.org/service/local/artifact/maven/redirect?r=central-proxy&g=org.sonatype.security.realms.ldap&a=ldap-common&v=1.8.0.1&e=pom, ,
ldap-common,1.9-M1,org.sonatype.security.realms.ldap,central-proxy,https://repository.sonatype.org/service/local/artifact/maven/redirect?r=central-proxy&g=org.sonatype.security.realms.ldap&a=ldap-common&v=1.9-M1&e=pom, ,
lesscss,1.1.8,com.asual.lesscss,central-proxy,https://repository.sonatype.org/service/local/artifact/maven/redirect?r=central-proxy&g=com.asual.lesscss&a=lesscss&v=1.1.8&e=pom, ,
lesscss-engine,1.2.11,com.asual.lesscss,central-proxy,https://repository.sonatype.org/service/local/artifact/maven/redirect?r=central-proxy&g=com.asual.lesscss&a=lesscss-engine&v=1.2.11&e=pom, ,
lesscss-servlet,1.2.11,com.asual.lesscss,central-proxy,https://repository.sonatype.org/service/local/artifact/maven/redirect?r=central-proxy&g=com.asual.lesscss&a=lesscss-servlet&v=1.2.11&e=pom, ,
legstar-codegen,1.5.0,com.legsem.legstar,central-proxy,https://repository.sonatype.org/service/local/artifact/maven/redirect?r=central-proxy&g=com.legsem.legstar&a=legstar-codegen&v=1.5.0&e=pom, ,
legstar-coxbapi,1.5.0,com.legsem.legstar,central-proxy,https://repository.sonatype.org/service/local/artifact/maven/redirect?r=central-proxy&g=com.legsem.legstar&a=legstar-coxbapi&v=1.5.0&e=pom, ,
legstar-cob2xsd,0.3.3,com.legsem.legstar,central-proxy,https://repository.sonatype.org/service/local/artifact/maven/redirect?r=central-proxy&g=com.legsem.legstar&a=legstar-cob2xsd&v=0.3.3&e=pom,SCM[scm:svn:http://legstar-cob2xsd.googlecode.com/svn/tags/legstar-cob2xsd-0.3.3;http://legstar-cob2xsd.googlecode.com/svn/tags/legstar-cob2xsd-0.3.3],
legstar-codegen,1.5.1,com.legsem.legstar,central-proxy,https://repository.sonatype.org/service/local/artifact/maven/redirect?r=central-proxy&g=com.legsem.legstar&a=legstar-codegen&v=1.5.1&e=pom, ,
legstar-coxbapi,1.5.1,com.legsem.legstar,central-proxy,https://repository.sonatype.org/service/local/artifact/maven/redirect?r=central-proxy&g=com.legsem.legstar&a=legstar-coxbapi&v=1.5.1&e=pom, ,
legstar-java2cob,0.2.0,com.legsem.legstar,central-proxy,https://repository.sonatype.org/service/local/artifact/maven/redirect?r=central-proxy&g=com.legsem.legstar&a=legstar-java2cob&v=0.2.0&e=pom, ,
legstar-test-cultureinfo,0.2.0,com.legsem.legstar,central-proxy,https://repository.sonatype.org/service/local/artifact/maven/redirect?r=central-proxy&g=com.legsem.legstar&a=legstar-test-cultureinfo&v=0.2.0&e=pom, ,
legstar-test-jvmquery,0.2.0,com.legsem.legstar,central-proxy,https://repository.sonatype.org/service/local/artifact/maven/redirect?r=central-proxy&g=com.legsem.legstar&a=legstar-test-jvmquery&v=0.2.0&e=pom, ,
legstar-xsd2cob,0.2.0,com.legsem.legstar,central-proxy,https://repository.sonatype.org/service/local/artifact/maven/redirect?r=central-proxy&g=com.legsem.legstar&a=legstar-xsd2cob&v=0.2.0&e=pom, ,
legstar-xsd2cob-pom,0.2.0,com.legsem.legstar,central-proxy,https://repository.sonatype.org/service/local/artifact/maven/redirect?r=central-proxy&g=com.legsem.legstar&a=legstar-xsd2cob-pom&v=0.2.0&e=pom,SCM[scm:svn:http://legstar-xsd2cob.googlecode.com/svn/tags/legstar-xsd2cob-pom-0.2.0;http://legstar-xsd2cob.googlecode.com/svn/tags/legstar-xsd2cob-pom-0.2.0],
legstar-skin,1.0.3,com.legsem.legstar,central-proxy,https://repository.sonatype.org/service/local/artifact/maven/redirect?r=central-proxy&g=com.legsem.legstar&a=legstar-skin&v=1.0.3&e=pom,SCM[scm:svn:http://legstar.googlecode.com/svn/tags/legstar-skin-1.0.3;http://legstar.googlecode.com/svn/tags/legstar-skin-1.0.3],
legstar-codegen,1.5.2,com.legsem.legstar,central-proxy,https://repository.sonatype.org/service/local/artifact/maven/redirect?r=central-proxy&g=com.legsem.legstar&a=legstar-codegen&v=1.5.2&e=pom, ,
legstar-core,1.5.2,com.legsem.legstar,central-proxy,https://repository.sonatype.org/service/local/artifact/maven/redirect?r=central-proxy&g=com.legsem.legstar&a=legstar-core&v=1.5.2&e=pom,SCM[scm:svn:http://legstar.googlecode.com/svn/tags/legstar-core-1.5.2;http://legstar.googlecode.com/svn/tags/legstar-core-1.5.2],
legstar-coxbapi,1.5.2,com.legsem.legstar,central-proxy,https://repository.sonatype.org/service/local/artifact/maven/redirect?r=central-proxy&g=com.legsem.legstar&a=legstar-coxbapi&v=1.5.2&e=pom, ,
legstar-coxbgen,1.5.2,com.legsem.legstar,central-proxy,https://repository.sonatype.org/service/local/artifact/maven/redirect?r=central-proxy&g=com.legsem.legstar&a=legstar-coxbgen&v=1.5.2&e=pom, ,
legstar-coxbrt,1.5.2,com.legsem.legstar,central-proxy,https://repository.sonatype.org/service/local/artifact/maven/redirect?r=central-proxy&g=com.legsem.legstar&a=legstar-coxbrt&v=1.5.2&e=pom, ,
legstar-jaxbgen,1.5.2,com.legsem.legstar,central-proxy,https://repository.sonatype.org/service/local/artifact/maven/redirect?r=central-proxy&g=com.legsem.legstar&a=legstar-jaxbgen&v=1.5.2&e=pom, ,
legato-maven-plugin,1.2,net.disy.legato,central-proxy,https://repository.sonatype.org/service/local/artifact/maven/redirect?r=central-proxy&g=net.disy.legato&a=legato-maven-plugin&v=1.2&e=pom,SCM[scm:svn:https://legato.svn.sourceforge.net/svnroot/legato/legato-maven-plugin/trunk;http://legato.svn.sourceforge.net/viewvc/legato/legato-maven-plugin/trunk],
legato-project,1,net.disy.legato,central-proxy,https://repository.sonatype.org/service/local/artifact/maven/redirect?r=central-proxy&g=net.disy.legato&a=legato-project&v=1&e=pom,SCM[scm:svn:https://legato.svn.sourceforge.net/svnroot/legato/legato-project/trunk;http://legato.svn.sourceforge.net/viewvc/legato/legato-project/trunk],
legato-testing,0.9,net.disy.legato,central-proxy,https://repository.sonatype.org/service/local/artifact/maven/redirect?r=central-proxy&g=net.disy.legato&a=legato-testing&v=0.9&e=pom, ,
lenskit,0.0.1,org.grouplens.lenskit,central-proxy,https://repository.sonatype.org/service/local/artifact/maven/redirect?r=central-proxy&g=org.grouplens.lenskit&a=lenskit&v=0.0.1&e=pom,SCM[scm:hg:http://dev.grouplens.org/hg/lenskit;http://dev.grouplens.org/hg/lenskit],
lenskit-core,0.0.1,org.grouplens.lenskit,central-proxy,https://repository.sonatype.org/service/local/artifact/maven/redirect?r=central-proxy&g=org.grouplens.lenskit&a=lenskit-core&v=0.0.1&e=pom, ,
lenskit-eval,0.0.1,org.grouplens.lenskit,central-proxy,https://repository.sonatype.org/service/local/artifact/maven/redirect?r=central-proxy&g=org.grouplens.lenskit&a=lenskit-eval&v=0.0.1&e=pom, ,
lenskit-eval-maven-plugin,0.0.1,org.grouplens.lenskit,central-proxy,https://repository.sonatype.org/service/local/artifact/maven/redirect?r=central-proxy&g=org.grouplens.lenskit&a=lenskit-eval-maven-plugin&v=0.0.1&e=pom, ,
lenskit-knn,0.0.1,org.grouplens.lenskit,central-proxy,https://repository.sonatype.org/service/local/artifact/maven/redirect?r=central-proxy&g=org.grouplens.lenskit&a=lenskit-knn&v=0.0.1&e=pom, ,
lenskit-svd,0.0.1,org.grouplens.lenskit,central-proxy,https://repository.sonatype.org/service/local/artifact/maven/redirect?r=central-proxy&g=org.grouplens.lenskit&a=lenskit-svd&v=0.0.1&e=pom, ,
lenskit,0.0.2,org.grouplens.lenskit,central-proxy,https://repository.sonatype.org/service/local/artifact/maven/redirect?r=central-proxy&g=org.grouplens.lenskit&a=lenskit&v=0.0.2&e=pom,SCM[scm:hg:http://dev.grouplens.org/hg/lenskit;http://dev.grouplens.org/hg/lenskit],
lenskit-core,0.0.2,org.grouplens.lenskit,central-proxy,https://repository.sonatype.org/service/local/artifact/maven/redirect?r=central-proxy&g=org.grouplens.lenskit&a=lenskit-core&v=0.0.2&e=pom, ,
lenskit-eval,0.0.2,org.grouplens.lenskit,central-proxy,https://repository.sonatype.org/service/local/artifact/maven/redirect?r=central-proxy&g=org.grouplens.lenskit&a=lenskit-eval&v=0.0.2&e=pom, ,
lenskit-eval-maven-plugin,0.0.2,org.grouplens.lenskit,central-proxy,https://repository.sonatype.org/service/local/artifact/maven/redirect?r=central-proxy&g=org.grouplens.lenskit&a=lenskit-eval-maven-plugin&v=0.0.2&e=pom, ,
lenskit-knn,0.0.2,org.grouplens.lenskit,central-proxy,https://repository.sonatype.org/service/local/artifact/maven/redirect?r=central-proxy&g=org.grouplens.lenskit&a=lenskit-knn&v=0.0.2&e=pom, ,
lenskit-svd,0.0.2,org.grouplens.lenskit,central-proxy,https://repository.sonatype.org/service/local/artifact/maven/redirect?r=central-proxy&g=org.grouplens.lenskit&a=lenskit-svd&v=0.0.2&e=pom, ,
legstar-c2wsrt,1.5.0,com.legsem.legstar,central-proxy,https://repository.sonatype.org/service/local/artifact/maven/redirect?r=central-proxy&g=com.legsem.legstar&a=legstar-c2wsrt&v=1.5.0&e=pom, ,
legstar-chttprt,1.5.0,com.legsem.legstar,central-proxy,https://repository.sonatype.org/service/local/artifact/maven/redirect?r=central-proxy&g=com.legsem.legstar&a=legstar-chttprt&v=1.5.0&e=pom, ,
legstar-cmockrt,1.5.0,com.legsem.legstar,central-proxy,https://repository.sonatype.org/service/local/artifact/maven/redirect?r=central-proxy&g=com.legsem.legstar&a=legstar-cmockrt&v=1.5.0&e=pom, ,
legstar-cmqrt,1.5.0,com.legsem.legstar,central-proxy,https://repository.sonatype.org/service/local/artifact/maven/redirect?r=central-proxy&g=com.legsem.legstar&a=legstar-cmqrt&v=1.5.0&e=pom, ,
legstar-cobcgen,1.5.3,com.legsem.legstar,central-proxy,https://repository.sonatype.org/service/local/artifact/maven/redirect?r=central-proxy&g=com.legsem.legstar&a=legstar-cobcgen&v=1.5.3&e=pom, ,
legstar-codegen,1.5.3,com.legsem.legstar,central-proxy,https://repository.sonatype.org/service/local/artifact/maven/redirect?r=central-proxy&g=com.legsem.legstar&a=legstar-codegen&v=1.5.3&e=pom, ,
legstar-commons-transport,1.5.0,com.legsem.legstar,central-proxy,https://repository.sonatype.org/service/local/artifact/maven/redirect?r=central-proxy&g=com.legsem.legstar&a=legstar-commons-transport&v=1.5.0&e=pom, ,
legstar-config,1.5.0,com.legsem.legstar,central-proxy,https://repository.sonatype.org/service/local/artifact/maven/redirect?r=central-proxy&g=com.legsem.legstar&a=legstar-config&v=1.5.0&e=pom, ,
legstar-core,1.5.3,com.legsem.legstar,central-proxy,https://repository.sonatype.org/service/local/artifact/maven/redirect?r=central-proxy&g=com.legsem.legstar&a=legstar-core&v=1.5.3&e=pom,SCM[scm:svn:http://legstar.googlecode.com/svn/tags/legstar-core-1.5.3;http://legstar.googlecode.com/svn/tags/legstar-core-1.5.3],
legstar-coxbapi,1.5.3,com.legsem.legstar,central-proxy,https://repository.sonatype.org/service/local/artifact/maven/redirect?r=central-proxy&g=com.legsem.legstar&a=legstar-coxbapi&v=1.5.3&e=pom, ,
legstar-coxbgen,1.5.3,com.legsem.legstar,central-proxy,https://repository.sonatype.org/service/local/artifact/maven/redirect?r=central-proxy&g=com.legsem.legstar&a=legstar-coxbgen&v=1.5.3&e=pom, ,
legstar-coxbrt,1.5.3,com.legsem.legstar,central-proxy,https://repository.sonatype.org/service/local/artifact/maven/redirect?r=central-proxy&g=com.legsem.legstar&a=legstar-coxbrt&v=1.5.3&e=pom, ,
legstar-csokrt,1.5.0,com.legsem.legstar,central-proxy,https://repository.sonatype.org/service/local/artifact/maven/redirect?r=central-proxy&g=com.legsem.legstar&a=legstar-csokrt&v=1.5.0&e=pom, ,
legstar-distribution-zos,1.5.0,com.legsem.legstar,central-proxy,https://repository.sonatype.org/service/local/artifact/maven/redirect?r=central-proxy&g=com.legsem.legstar&a=legstar-distribution-zos&v=1.5.0&e=pom, ,
legstar-engine,1.5.0,com.legsem.legstar,central-proxy,https://repository.sonatype.org/service/local/artifact/maven/redirect?r=central-proxy&g=com.legsem.legstar&a=legstar-engine&v=1.5.0&e=pom, ,
legstar-invoker,1.5.0,com.legsem.legstar,central-proxy,https://repository.sonatype.org/service/local/artifact/maven/redirect?r=central-proxy&g=com.legsem.legstar&a=legstar-invoker&v=1.5.0&e=pom, ,
legstar-jaxbgen,1.5.3,com.legsem.legstar,central-proxy,https://repository.sonatype.org/service/local/artifact/maven/redirect?r=central-proxy&g=com.legsem.legstar&a=legstar-jaxbgen&v=1.5.3&e=pom, ,
legstar-messaging,1.5.0,com.legsem.legstar,central-proxy,https://repository.sonatype.org/service/local/artifact/maven/redirect?r=central-proxy&g=com.legsem.legstar&a=legstar-messaging&v=1.5.0&e=pom, ,
legstar-skin,1.0.4,com.legsem.legstar,central-proxy,https://repository.sonatype.org/service/local/artifact/maven/redirect?r=central-proxy&g=com.legsem.legstar&a=legstar-skin&v=1.0.4&e=pom,SCM[scm:svn:http://legstar.googlecode.com/svn/tags/legstar-skin-1.0.4;http://legstar.googlecode.com/svn/tags/legstar-skin-1.0.4],
legstar-transport,1.5.0,com.legsem.legstar,central-proxy,https://repository.sonatype.org/service/local/artifact/maven/redirect?r=central-proxy&g=com.legsem.legstar&a=legstar-transport&v=1.5.0&e=pom,SCM[scm:svn:http://legstar.googlecode.com/svn/tags/legstar-transport-1.5.0;http://legstar.googlecode.com/svn/tags/legstar-transport-1.5.0],
legstar-cixsgen,1.5.0,com.legsem.legstar,central-proxy,https://repository.sonatype.org/service/local/artifact/maven/redirect?r=central-proxy&g=com.legsem.legstar&a=legstar-cixsgen&v=1.5.0&e=pom,SCM[scm:svn:http://legstar.googlecode.com/svn/tags/legstar-cixsgen-1.5.0;http://legstar.googlecode.com/svn/tags/legstar-cixsgen-1.5.0],
legstar-cixsgen-model,1.5.0,com.legsem.legstar,central-proxy,https://repository.sonatype.org/service/local/artifact/maven/redirect?r=central-proxy&g=com.legsem.legstar&a=legstar-cixsgen-model&v=1.5.0&e=pom, ,
legstar-jaxws-clients,1.5.0,com.legsem.legstar,central-proxy,https://repository.sonatype.org/service/local/artifact/maven/redirect?r=central-proxy&g=com.legsem.legstar&a=legstar-jaxws-clients&v=1.5.0&e=pom, ,
legstar-jaxws-generator,1.5.0,com.legsem.legstar,central-proxy,https://repository.sonatype.org/service/local/artifact/maven/redirect?r=central-proxy&g=com.legsem.legstar&a=legstar-jaxws-generator&v=1.5.0&e=pom, ,
legstar-distribution,1.5.0,com.legsem.legstar,central-proxy,https://repository.sonatype.org/service/local/artifact/maven/redirect?r=central-proxy&g=com.legsem.legstar&a=legstar-distribution&v=1.5.0&e=pom,SCM[scm:svn:http://legstar.googlecode.com/svn/tags/legstar-distribution-1.5.0;http://legstar.googlecode.com/svn/tags/legstar-distribution-1.5.0],
legstar-cob2trans,1.5.0,com.legsem.legstar,central-proxy,https://repository.sonatype.org/service/local/artifact/maven/redirect?r=central-proxy&g=com.legsem.legstar&a=legstar-cob2trans&v=1.5.0&e=pom,SCM[scm:svn:http://legstar.googlecode.com/svn/tags/legstar-cob2trans-1.5.0;http://legstar.googlecode.com/svn/tags/legstar-cob2trans-1.5.0],
legato-demo,1.0,net.disy.legato,central-proxy,https://repository.sonatype.org/service/local/artifact/maven/redirect?r=central-proxy&g=net.disy.legato&a=legato-demo&v=1.0&e=pom, ,
legato-demo-dev,1.0,net.disy.legato,central-proxy,https://repository.sonatype.org/service/local/artifact/maven/redirect?r=central-proxy&g=net.disy.legato&a=legato-demo-dev&v=1.0&e=pom, ,
legato-openlayers,1.0,net.disy.legato,central-proxy,https://repository.sonatype.org/service/local/artifact/maven/redirect?r=central-proxy&g=net.disy.legato&a=legato-openlayers&v=1.0&e=pom, ,
legato-sandbox,1.0,net.disy.legato,central-proxy,https://repository.sonatype.org/service/local/artifact/maven/redirect?r=central-proxy&g=net.disy.legato&a=legato-sandbox&v=1.0&e=pom, ,
legato-scripts,1.0,net.disy.legato,central-proxy,https://repository.sonatype.org/service/local/artifact/maven/redirect?r=central-proxy&g=net.disy.legato&a=legato-scripts&v=1.0&e=pom, ,
legato-testing,1.0,net.disy.legato,central-proxy,https://repository.sonatype.org/service/local/artifact/maven/redirect?r=central-proxy&g=net.disy.legato&a=legato-testing&v=1.0&e=pom, ,
legato-tools,1.0,net.disy.legato,central-proxy,https://repository.sonatype.org/service/local/artifact/maven/redirect?r=central-proxy&g=net.disy.legato&a=legato-tools&v=1.0&e=pom, ,
legato-demo,1.1,net.disy.legato,central-proxy,https://repository.sonatype.org/service/local/artifact/maven/redirect?r=central-proxy&g=net.disy.legato&a=legato-demo&v=1.1&e=pom, ,
legato-demo-dev,1.1,net.disy.legato,central-proxy,https://repository.sonatype.org/service/local/artifact/maven/redirect?r=central-proxy&g=net.disy.legato&a=legato-demo-dev&v=1.1&e=pom, ,
legato-jquery,1.1,net.disy.legato,central-proxy,https://repository.sonatype.org/service/local/artifact/maven/redirect?r=central-proxy&g=net.disy.legato&a=legato-jquery&v=1.1&e=pom, ,
legato-openlayers,1.1,net.disy.legato,central-proxy,https://repository.sonatype.org/service/local/artifact/maven/redirect?r=central-proxy&g=net.disy.legato&a=legato-openlayers&v=1.1&e=pom, ,
legato-sandbox,1.1,net.disy.legato,central-proxy,https://repository.sonatype.org/service/local/artifact/maven/redirect?r=central-proxy&g=net.disy.legato&a=legato-sandbox&v=1.1&e=pom, ,
legato-scripts,1.1,net.disy.legato,central-proxy,https://repository.sonatype.org/service/local/artifact/maven/redirect?r=central-proxy&g=net.disy.legato&a=legato-scripts&v=1.1&e=pom, ,
legato-testing,1.1,net.disy.legato,central-proxy,https://repository.sonatype.org/service/local/artifact/maven/redirect?r=central-proxy&g=net.disy.legato&a=legato-testing&v=1.1&e=pom, ,
legato-tools,1.1,net.disy.legato,central-proxy,https://repository.sonatype.org/service/local/artifact/maven/redirect?r=central-proxy&g=net.disy.legato&a=legato-tools&v=1.1&e=pom, ,
legato-demo,1.1.1,net.disy.legato,central-proxy,https://repository.sonatype.org/service/local/artifact/maven/redirect?r=central-proxy&g=net.disy.legato&a=legato-demo&v=1.1.1&e=pom, ,
legato-demo-dev,1.1.1,net.disy.legato,central-proxy,https://repository.sonatype.org/service/local/artifact/maven/redirect?r=central-proxy&g=net.disy.legato&a=legato-demo-dev&v=1.1.1&e=pom, ,
legato-jquery,1.1.1,net.disy.legato,central-proxy,https://repository.sonatype.org/service/local/artifact/maven/redirect?r=central-proxy&g=net.disy.legato&a=legato-jquery&v=1.1.1&e=pom, ,
legato-openlayers,1.1.1,net.disy.legato,central-proxy,https://repository.sonatype.org/service/local/artifact/maven/redirect?r=central-proxy&g=net.disy.legato&a=legato-openlayers&v=1.1.1&e=pom, ,
legato-sandbox,1.1.1,net.disy.legato,central-proxy,https://repository.sonatype.org/service/local/artifact/maven/redirect?r=central-proxy&g=net.disy.legato&a=legato-sandbox&v=1.1.1&e=pom, ,
legato-scripts,1.1.1,net.disy.legato,central-proxy,https://repository.sonatype.org/service/local/artifact/maven/redirect?r=central-proxy&g=net.disy.legato&a=legato-scripts&v=1.1.1&e=pom, ,
legato-testing,1.1.1,net.disy.legato,central-proxy,https://repository.sonatype.org/service/local/artifact/maven/redirect?r=central-proxy&g=net.disy.legato&a=legato-testing&v=1.1.1&e=pom, ,
legato-tools,1.1.1,net.disy.legato,central-proxy,https://repository.sonatype.org/service/local/artifact/maven/redirect?r=central-proxy&g=net.disy.legato&a=legato-tools&v=1.1.1&e=pom, ,
lenskit-core,0.0.3,org.grouplens.lenskit,central-proxy,https://repository.sonatype.org/service/local/artifact/maven/redirect?r=central-proxy&g=org.grouplens.lenskit&a=lenskit-core&v=0.0.3&e=pom, ,
lenskit-eval,0.0.3,org.grouplens.lenskit,central-proxy,https://repository.sonatype.org/service/local/artifact/maven/redirect?r=central-proxy&g=org.grouplens.lenskit&a=lenskit-eval&v=0.0.3&e=pom, ,
lenskit-eval-ant-plugin,0.0.3,org.grouplens.lenskit,central-proxy,https://repository.sonatype.org/service/local/artifact/maven/redirect?r=central-proxy&g=org.grouplens.lenskit&a=lenskit-eval-ant-plugin&v=0.0.3&e=pom, ,
lenskit-knn,0.0.3,org.grouplens.lenskit,central-proxy,https://repository.sonatype.org/service/local/artifact/maven/redirect?r=central-proxy&g=org.grouplens.lenskit&a=lenskit-knn&v=0.0.3&e=pom, ,
lenskit-package,0.0.3,org.grouplens.lenskit,central-proxy,https://repository.sonatype.org/service/local/artifact/maven/redirect?r=central-proxy&g=org.grouplens.lenskit&a=lenskit-package&v=0.0.3&e=pom, ,
lenskit-svd,0.0.3,org.grouplens.lenskit,central-proxy,https://repository.sonatype.org/service/local/artifact/maven/redirect?r=central-proxy&g=org.grouplens.lenskit&a=lenskit-svd&v=0.0.3&e=pom, ,
lenskit-core,0.1,org.grouplens.lenskit,central-proxy,https://repository.sonatype.org/service/local/artifact/maven/redirect?r=central-proxy&g=org.grouplens.lenskit&a=lenskit-core&v=0.1&e=pom, ,
lenskit-eval,0.1,org.grouplens.lenskit,central-proxy,https://repository.sonatype.org/service/local/artifact/maven/redirect?r=central-proxy&g=org.grouplens.lenskit&a=lenskit-eval&v=0.1&e=pom, ,
lenskit-eval-ant-plugin,0.1,org.grouplens.lenskit,central-proxy,https://repository.sonatype.org/service/local/artifact/maven/redirect?r=central-proxy&g=org.grouplens.lenskit&a=lenskit-eval-ant-plugin&v=0.1&e=pom, ,
lenskit-knn,0.1,org.grouplens.lenskit,central-proxy,https://repository.sonatype.org/service/local/artifact/maven/redirect?r=central-proxy&g=org.grouplens.lenskit&a=lenskit-knn&v=0.1&e=pom, ,
lenskit-slopeone,0.1,org.grouplens.lenskit,central-proxy,https://repository.sonatype.org/service/local/artifact/maven/redirect?r=central-proxy&g=org.grouplens.lenskit&a=lenskit-slopeone&v=0.1&e=pom, ,
lenskit-svd,0.1,org.grouplens.lenskit,central-proxy,https://repository.sonatype.org/service/local/artifact/maven/redirect?r=central-proxy&g=org.grouplens.lenskit&a=lenskit-svd&v=0.1&e=pom, ,
lenskit-core,0.2,org.grouplens.lenskit,central-proxy,https://repository.sonatype.org/service/local/artifact/maven/redirect?r=central-proxy&g=org.grouplens.lenskit&a=lenskit-core&v=0.2&e=pom, ,
lenskit-eval,0.2,org.grouplens.lenskit,central-proxy,https://repository.sonatype.org/service/local/artifact/maven/redirect?r=central-proxy&g=org.grouplens.lenskit&a=lenskit-eval&v=0.2&e=pom, ,
lenskit-eval-ant-plugin,0.2,org.grouplens.lenskit,central-proxy,https://repository.sonatype.org/service/local/artifact/maven/redirect?r=central-proxy&g=org.grouplens.lenskit&a=lenskit-eval-ant-plugin&v=0.2&e=pom, ,
lenskit-knn,0.2,org.grouplens.lenskit,central-proxy,https://repository.sonatype.org/service/local/artifact/maven/redirect?r=central-proxy&g=org.grouplens.lenskit&a=lenskit-knn&v=0.2&e=pom, ,
lenskit-package,0.2,org.grouplens.lenskit,central-proxy,https://repository.sonatype.org/service/local/artifact/maven/redirect?r=central-proxy&g=org.grouplens.lenskit&a=lenskit-package&v=0.2&e=pom, ,
lenskit-slopeone,0.2,org.grouplens.lenskit,central-proxy,https://repository.sonatype.org/service/local/artifact/maven/redirect?r=central-proxy&g=org.grouplens.lenskit&a=lenskit-slopeone&v=0.2&e=pom, ,
lenskit-svd,0.2,org.grouplens.lenskit,central-proxy,https://repository.sonatype.org/service/local/artifact/maven/redirect?r=central-proxy&g=org.grouplens.lenskit&a=lenskit-svd&v=0.2&e=pom, ,
lenskit-core,0.3,org.grouplens.lenskit,central-proxy,https://repository.sonatype.org/service/local/artifact/maven/redirect?r=central-proxy&g=org.grouplens.lenskit&a=lenskit-core&v=0.3&e=pom, ,
lenskit-eval,0.3,org.grouplens.lenskit,central-proxy,https://repository.sonatype.org/service/local/artifact/maven/redirect?r=central-proxy&g=org.grouplens.lenskit&a=lenskit-eval&v=0.3&e=pom, ,
lenskit-eval-ant-plugin,0.3,org.grouplens.lenskit,central-proxy,https://repository.sonatype.org/service/local/artifact/maven/redirect?r=central-proxy&g=org.grouplens.lenskit&a=lenskit-eval-ant-plugin&v=0.3&e=pom, ,
lenskit-knn,0.3,org.grouplens.lenskit,central-proxy,https://repository.sonatype.org/service/local/artifact/maven/redirect?r=central-proxy&g=org.grouplens.lenskit&a=lenskit-knn&v=0.3&e=pom, ,
lenskit-slopeone,0.3,org.grouplens.lenskit,central-proxy,https://repository.sonatype.org/service/local/artifact/maven/redirect?r=central-proxy&g=org.grouplens.lenskit&a=lenskit-slopeone&v=0.3&e=pom, ,
lenskit-svd,0.3,org.grouplens.lenskit,central-proxy,https://repository.sonatype.org/service/local/artifact/maven/redirect?r=central-proxy&g=org.grouplens.lenskit&a=lenskit-svd&v=0.3&e=pom, ,
lenskit-core,0.3.1,org.grouplens.lenskit,central-proxy,https://repository.sonatype.org/service/local/artifact/maven/redirect?r=central-proxy&g=org.grouplens.lenskit&a=lenskit-core&v=0.3.1&e=pom, ,
lenskit-eval,0.3.1,org.grouplens.lenskit,central-proxy,https://repository.sonatype.org/service/local/artifact/maven/redirect?r=central-proxy&g=org.grouplens.lenskit&a=lenskit-eval&v=0.3.1&e=pom, ,
lenskit-eval-ant-plugin,0.3.1,org.grouplens.lenskit,central-proxy,https://repository.sonatype.org/service/local/artifact/maven/redirect?r=central-proxy&g=org.grouplens.lenskit&a=lenskit-eval-ant-plugin&v=0.3.1&e=pom, ,
lenskit-knn,0.3.1,org.grouplens.lenskit,central-proxy,https://repository.sonatype.org/service/local/artifact/maven/redirect?r=central-proxy&g=org.grouplens.lenskit&a=lenskit-knn&v=0.3.1&e=pom, ,
lenskit-slopeone,0.3.1,org.grouplens.lenskit,central-proxy,https://repository.sonatype.org/service/local/artifact/maven/redirect?r=central-proxy&g=org.grouplens.lenskit&a=lenskit-slopeone&v=0.3.1&e=pom, ,
lenskit-svd,0.3.1,org.grouplens.lenskit,central-proxy,https://repository.sonatype.org/service/local/artifact/maven/redirect?r=central-proxy&g=org.grouplens.lenskit&a=lenskit-svd&v=0.3.1&e=pom, ,
legstar-cobcgen,1.5.4,com.legsem.legstar,central-proxy,https://repository.sonatype.org/service/local/artifact/maven/redirect?r=central-proxy&g=com.legsem.legstar&a=legstar-cobcgen&v=1.5.4&e=pom, ,
legstar-codegen,1.5.4,com.legsem.legstar,central-proxy,https://repository.sonatype.org/service/local/artifact/maven/redirect?r=central-proxy&g=com.legsem.legstar&a=legstar-codegen&v=1.5.4&e=pom, ,
legstar-core,1.5.4,com.legsem.legstar,central-proxy,https://repository.sonatype.org/service/local/artifact/maven/redirect?r=central-proxy&g=com.legsem.legstar&a=legstar-core&v=1.5.4&e=pom,SCM[scm:svn:http://legstar.googlecode.com/svn/tags/legstar-core-1.5.4;http://legstar.googlecode.com/svn/tags/legstar-core-1.5.4],
legstar-coxbapi,1.5.4,com.legsem.legstar,central-proxy,https://repository.sonatype.org/service/local/artifact/maven/redirect?r=central-proxy&g=com.legsem.legstar&a=legstar-coxbapi&v=1.5.4&e=pom, ,
legstar-coxbgen,1.5.4,com.legsem.legstar,central-proxy,https://repository.sonatype.org/service/local/artifact/maven/redirect?r=central-proxy&g=com.legsem.legstar&a=legstar-coxbgen&v=1.5.4&e=pom, ,
legstar-coxbrt,1.5.4,com.legsem.legstar,central-proxy,https://repository.sonatype.org/service/local/artifact/maven/redirect?r=central-proxy&g=com.legsem.legstar&a=legstar-coxbrt&v=1.5.4&e=pom, ,
legstar-java2cob,0.2.1,com.legsem.legstar,central-proxy,https://repository.sonatype.org/service/local/artifact/maven/redirect?r=central-proxy&g=com.legsem.legstar&a=legstar-java2cob&v=0.2.1&e=pom, ,
legstar-jaxbgen,1.5.4,com.legsem.legstar,central-proxy,https://repository.sonatype.org/service/local/artifact/maven/redirect?r=central-proxy&g=com.legsem.legstar&a=legstar-jaxbgen&v=1.5.4&e=pom, ,
legstar-test-cultureinfo,0.2.2,com.legsem.legstar,central-proxy,https://repository.sonatype.org/service/local/artifact/maven/redirect?r=central-proxy&g=com.legsem.legstar&a=legstar-test-cultureinfo&v=0.2.2&e=pom, ,
legstar-test-jvmquery,0.2.2,com.legsem.legstar,central-proxy,https://repository.sonatype.org/service/local/artifact/maven/redirect?r=central-proxy&g=com.legsem.legstar&a=legstar-test-jvmquery&v=0.2.2&e=pom, ,
legstar-xsd2cob,0.2.1,com.legsem.legstar,central-proxy,https://repository.sonatype.org/service/local/artifact/maven/redirect?r=central-proxy&g=com.legsem.legstar&a=legstar-xsd2cob&v=0.2.1&e=pom, ,
legstar-xsd2cob-pom,0.2.1,com.legsem.legstar,central-proxy,https://repository.sonatype.org/service/local/artifact/maven/redirect?r=central-proxy&g=com.legsem.legstar&a=legstar-xsd2cob-pom&v=0.2.1&e=pom,SCM[scm:svn:http://legstar-xsd2cob.googlecode.com/svn/tags/legstar-xsd2cob-pom-0.2.1;http://legstar-xsd2cob.googlecode.com/svn/tags/legstar-xsd2cob-pom-0.2.1],
legstar-c2wsrt,1.5.1,com.legsem.legstar,central-proxy,https://repository.sonatype.org/service/local/artifact/maven/redirect?r=central-proxy&g=com.legsem.legstar&a=legstar-c2wsrt&v=1.5.1&e=pom, ,
legstar-chttprt,1.5.1,com.legsem.legstar,central-proxy,https://repository.sonatype.org/service/local/artifact/maven/redirect?r=central-proxy&g=com.legsem.legstar&a=legstar-chttprt&v=1.5.1&e=pom, ,
legstar-cmockrt,1.5.1,com.legsem.legstar,central-proxy,https://repository.sonatype.org/service/local/artifact/maven/redirect?r=central-proxy&g=com.legsem.legstar&a=legstar-cmockrt&v=1.5.1&e=pom, ,
legstar-cmqrt,1.5.1,com.legsem.legstar,central-proxy,https://repository.sonatype.org/service/local/artifact/maven/redirect?r=central-proxy&g=com.legsem.legstar&a=legstar-cmqrt&v=1.5.1&e=pom, ,
legstar-cob2xsd,0.3.4,com.legsem.legstar,central-proxy,https://repository.sonatype.org/service/local/artifact/maven/redirect?r=central-proxy&g=com.legsem.legstar&a=legstar-cob2xsd&v=0.3.4&e=pom,SCM[scm:svn:http://legstar-cob2xsd.googlecode.com/svn/tags/legstar-cob2xsd-0.3.4;http://legstar-cob2xsd.googlecode.com/svn/tags/legstar-cob2xsd-0.3.4],
legstar-commons-transport,1.5.1,com.legsem.legstar,central-proxy,https://repository.sonatype.org/service/local/artifact/maven/redirect?r=central-proxy&g=com.legsem.legstar&a=legstar-commons-transport&v=1.5.1&e=pom, ,
legstar-config,1.5.1,com.legsem.legstar,central-proxy,https://repository.sonatype.org/service/local/artifact/maven/redirect?r=central-proxy&g=com.legsem.legstar&a=legstar-config&v=1.5.1&e=pom, ,
legstar-csokrt,1.5.1,com.legsem.legstar,central-proxy,https://repository.sonatype.org/service/local/artifact/maven/redirect?r=central-proxy&g=com.legsem.legstar&a=legstar-csokrt&v=1.5.1&e=pom, ,
legstar-distribution-zos,1.5.1,com.legsem.legstar,central-proxy,https://repository.sonatype.org/service/local/artifact/maven/redirect?r=central-proxy&g=com.legsem.legstar&a=legstar-distribution-zos&v=1.5.1&e=pom, ,
legstar-engine,1.5.1,com.legsem.legstar,central-proxy,https://repository.sonatype.org/service/local/artifact/maven/redirect?r=central-proxy&g=com.legsem.legstar&a=legstar-engine&v=1.5.1&e=pom, ,
legstar-invoker,1.5.1,com.legsem.legstar,central-proxy,https://repository.sonatype.org/service/local/artifact/maven/redirect?r=central-proxy&g=com.legsem.legstar&a=legstar-invoker&v=1.5.1&e=pom, ,
legstar-messaging,1.5.1,com.legsem.legstar,central-proxy,https://repository.sonatype.org/service/local/artifact/maven/redirect?r=central-proxy&g=com.legsem.legstar&a=legstar-messaging&v=1.5.1&e=pom, ,
legstar-transport,1.5.1,com.legsem.legstar,central-proxy,https://repository.sonatype.org/service/local/artifact/maven/redirect?r=central-proxy&g=com.legsem.legstar&a=legstar-transport&v=1.5.1&e=pom,SCM[scm:svn:http://legstar.googlecode.com/svn/tags/legstar-transport-1.5.1;http://legstar.googlecode.com/svn/tags/legstar-transport-1.5.1],
legstar-cob2trans,1.5.1,com.legsem.legstar,central-proxy,https://repository.sonatype.org/service/local/artifact/maven/redirect?r=central-proxy&g=com.legsem.legstar&a=legstar-cob2trans&v=1.5.1&e=pom,SCM[scm:svn:http://legstar.googlecode.com/svn/tags/legstar-cob2trans-1.5.1;http://legstar.googlecode.com/svn/tags/legstar-cob2trans-1.5.1],
legstar-cixsgen,1.5.1,com.legsem.legstar,central-proxy,https://repository.sonatype.org/service/local/artifact/maven/redirect?r=central-proxy&g=com.legsem.legstar&a=legstar-cixsgen&v=1.5.1&e=pom,SCM[scm:svn:http://legstar.googlecode.com/svn/tags/legstar-cixsgen-1.5.1;http://legstar.googlecode.com/svn/tags/legstar-cixsgen-1.5.1],
legstar-cixsgen-model,1.5.1,com.legsem.legstar,central-proxy,https://repository.sonatype.org/service/local/artifact/maven/redirect?r=central-proxy&g=com.legsem.legstar&a=legstar-cixsgen-model&v=1.5.1&e=pom, ,
legstar-cobcgen,1.5.5,com.legsem.legstar,central-proxy,https://repository.sonatype.org/service/local/artifact/maven/redirect?r=central-proxy&g=com.legsem.legstar&a=legstar-cobcgen&v=1.5.5&e=pom, ,
legstar-codegen,1.5.5,com.legsem.legstar,central-proxy,https://repository.sonatype.org/service/local/artifact/maven/redirect?r=central-proxy&g=com.legsem.legstar&a=legstar-codegen&v=1.5.5&e=pom, ,
legstar-core,1.5.5,com.legsem.legstar,central-proxy,https://repository.sonatype.org/service/local/artifact/maven/redirect?r=central-proxy&g=com.legsem.legstar&a=legstar-core&v=1.5.5&e=pom,SCM[scm:svn:http://legstar.googlecode.com/svn/tags/legstar-core-1.5.5;http://legstar.googlecode.com/svn/tags/legstar-core-1.5.5],
legstar-coxbapi,1.5.5,com.legsem.legstar,central-proxy,https://repository.sonatype.org/service/local/artifact/maven/redirect?r=central-proxy&g=com.legsem.legstar&a=legstar-coxbapi&v=1.5.5&e=pom, ,
legstar-coxbgen,1.5.5,com.legsem.legstar,central-proxy,https://repository.sonatype.org/service/local/artifact/maven/redirect?r=central-proxy&g=com.legsem.legstar&a=legstar-coxbgen&v=1.5.5&e=pom, ,
legstar-coxbrt,1.5.5,com.legsem.legstar,central-proxy,https://repository.sonatype.org/service/local/artifact/maven/redirect?r=central-proxy&g=com.legsem.legstar&a=legstar-coxbrt&v=1.5.5&e=pom, ,
legstar-distribution,1.5.1,com.legsem.legstar,central-proxy,https://repository.sonatype.org/service/local/artifact/maven/redirect?r=central-proxy&g=com.legsem.legstar&a=legstar-distribution&v=1.5.1&e=pom,SCM[scm:svn:http://legstar.googlecode.com/svn/tags/legstar-distribution-1.5.1;http://legstar.googlecode.com/svn/tags/legstar-distribution-1.5.1],
legstar-jaxbgen,1.5.5,com.legsem.legstar,central-proxy,https://repository.sonatype.org/service/local/artifact/maven/redirect?r=central-proxy&g=com.legsem.legstar&a=legstar-jaxbgen&v=1.5.5&e=pom, ,
legstar-jaxws-clients,1.5.1,com.legsem.legstar,central-proxy,https://repository.sonatype.org/service/local/artifact/maven/redirect?r=central-proxy&g=com.legsem.legstar&a=legstar-jaxws-clients&v=1.5.1&e=pom, ,
legstar-jaxws-generator,1.5.1,com.legsem.legstar,central-proxy,https://repository.sonatype.org/service/local/artifact/maven/redirect?r=central-proxy&g=com.legsem.legstar&a=legstar-jaxws-generator&v=1.5.1&e=pom, ,
lenskit-core,0.4,org.grouplens.lenskit,central-proxy,https://repository.sonatype.org/service/local/artifact/maven/redirect?r=central-proxy&g=org.grouplens.lenskit&a=lenskit-core&v=0.4&e=pom, ,
lenskit-eval,0.4,org.grouplens.lenskit,central-proxy,https://repository.sonatype.org/service/local/artifact/maven/redirect?r=central-proxy&g=org.grouplens.lenskit&a=lenskit-eval&v=0.4&e=pom, ,
lenskit-eval-ant-plugin,0.4,org.grouplens.lenskit,central-proxy,https://repository.sonatype.org/service/local/artifact/maven/redirect?r=central-proxy&g=org.grouplens.lenskit&a=lenskit-eval-ant-plugin&v=0.4&e=pom, ,
lenskit-knn,0.4,org.grouplens.lenskit,central-proxy,https://repository.sonatype.org/service/local/artifact/maven/redirect?r=central-proxy&g=org.grouplens.lenskit&a=lenskit-knn&v=0.4&e=pom, ,
lenskit-slopeone,0.4,org.grouplens.lenskit,central-proxy,https://repository.sonatype.org/service/local/artifact/maven/redirect?r=central-proxy&g=org.grouplens.lenskit&a=lenskit-slopeone&v=0.4&e=pom, ,
lenskit-svd,0.4,org.grouplens.lenskit,central-proxy,https://repository.sonatype.org/service/local/artifact/maven/redirect?r=central-proxy&g=org.grouplens.lenskit&a=lenskit-svd&v=0.4&e=pom, ,
leveldbjni,1.0,org.fusesource.leveldbjni,central-proxy,https://repository.sonatype.org/service/local/artifact/maven/redirect?r=central-proxy&g=org.fusesource.leveldbjni&a=leveldbjni&v=1.0&e=pom,SCM[scm:git:git://github.com/fusesource/leveldbjni.git;https://github.com/fusesource/leveldbjni],
lenskit-core,0.5,org.grouplens.lenskit,central-proxy,https://repository.sonatype.org/service/local/artifact/maven/redirect?r=central-proxy&g=org.grouplens.lenskit&a=lenskit-core&v=0.5&e=pom, ,
lenskit-eval,0.5,org.grouplens.lenskit,central-proxy,https://repository.sonatype.org/service/local/artifact/maven/redirect?r=central-proxy&g=org.grouplens.lenskit&a=lenskit-eval&v=0.5&e=pom, ,
lenskit-eval-ant-plugin,0.5,org.grouplens.lenskit,central-proxy,https://repository.sonatype.org/service/local/artifact/maven/redirect?r=central-proxy&g=org.grouplens.lenskit&a=lenskit-eval-ant-plugin&v=0.5&e=pom, ,
lenskit-knn,0.5,org.grouplens.lenskit,central-proxy,https://repository.sonatype.org/service/local/artifact/maven/redirect?r=central-proxy&g=org.grouplens.lenskit&a=lenskit-knn&v=0.5&e=pom, ,
lenskit-slopeone,0.5,org.grouplens.lenskit,central-proxy,https://repository.sonatype.org/service/local/artifact/maven/redirect?r=central-proxy&g=org.grouplens.lenskit&a=lenskit-slopeone&v=0.5&e=pom, ,
lenskit-svd,0.5,org.grouplens.lenskit,central-proxy,https://repository.sonatype.org/service/local/artifact/maven/redirect?r=central-proxy&g=org.grouplens.lenskit&a=lenskit-svd&v=0.5&e=pom, ,
lenskit-core,0.6,org.grouplens.lenskit,central-proxy,https://repository.sonatype.org/service/local/artifact/maven/redirect?r=central-proxy&g=org.grouplens.lenskit&a=lenskit-core&v=0.6&e=pom, ,
lenskit-eval,0.6,org.grouplens.lenskit,central-proxy,https://repository.sonatype.org/service/local/artifact/maven/redirect?r=central-proxy&g=org.grouplens.lenskit&a=lenskit-eval&v=0.6&e=pom, ,
lenskit-eval-ant-plugin,0.6,org.grouplens.lenskit,central-proxy,https://repository.sonatype.org/service/local/artifact/maven/redirect?r=central-proxy&g=org.grouplens.lenskit&a=lenskit-eval-ant-plugin&v=0.6&e=pom, ,
lenskit-knn,0.6,org.grouplens.lenskit,central-proxy,https://repository.sonatype.org/service/local/artifact/maven/redirect?r=central-proxy&g=org.grouplens.lenskit&a=lenskit-knn&v=0.6&e=pom, ,
lenskit-package,0.6,org.grouplens.lenskit,central-proxy,https://repository.sonatype.org/service/local/artifact/maven/redirect?r=central-proxy&g=org.grouplens.lenskit&a=lenskit-package&v=0.6&e=pom, ,
lenskit-slopeone,0.6,org.grouplens.lenskit,central-proxy,https://repository.sonatype.org/service/local/artifact/maven/redirect?r=central-proxy&g=org.grouplens.lenskit&a=lenskit-slopeone&v=0.6&e=pom, ,
lenskit-svd,0.6,org.grouplens.lenskit,central-proxy,https://repository.sonatype.org/service/local/artifact/maven/redirect?r=central-proxy&g=org.grouplens.lenskit&a=lenskit-svd&v=0.6&e=pom, ,
lenskit-api,0.7,org.grouplens.lenskit,central-proxy,https://repository.sonatype.org/service/local/artifact/maven/redirect?r=central-proxy&g=org.grouplens.lenskit&a=lenskit-api&v=0.7&e=pom, ,
lenskit-core,0.7,org.grouplens.lenskit,central-proxy,https://repository.sonatype.org/service/local/artifact/maven/redirect?r=central-proxy&g=org.grouplens.lenskit&a=lenskit-core&v=0.7&e=pom, ,
lenskit-data-structures,0.7,org.grouplens.lenskit,central-proxy,https://repository.sonatype.org/service/local/artifact/maven/redirect?r=central-proxy&g=org.grouplens.lenskit&a=lenskit-data-structures&v=0.7&e=pom, ,
lenskit-eval,0.7,org.grouplens.lenskit,central-proxy,https://repository.sonatype.org/service/local/artifact/maven/redirect?r=central-proxy&g=org.grouplens.lenskit&a=lenskit-eval&v=0.7&e=pom, ,
lenskit-eval-ant-plugin,0.7,org.grouplens.lenskit,central-proxy,https://repository.sonatype.org/service/local/artifact/maven/redirect?r=central-proxy&g=org.grouplens.lenskit&a=lenskit-eval-ant-plugin&v=0.7&e=pom, ,
lenskit-knn,0.7,org.grouplens.lenskit,central-proxy,https://repository.sonatype.org/service/local/artifact/maven/redirect?r=central-proxy&g=org.grouplens.lenskit&a=lenskit-knn&v=0.7&e=pom, ,
lenskit-package,0.7,org.grouplens.lenskit,central-proxy,https://repository.sonatype.org/service/local/artifact/maven/redirect?r=central-proxy&g=org.grouplens.lenskit&a=lenskit-package&v=0.7&e=pom, ,
lenskit-slopeone,0.7,org.grouplens.lenskit,central-proxy,https://repository.sonatype.org/service/local/artifact/maven/redirect?r=central-proxy&g=org.grouplens.lenskit&a=lenskit-slopeone&v=0.7&e=pom, ,
lenskit-svd,0.7,org.grouplens.lenskit,central-proxy,https://repository.sonatype.org/service/local/artifact/maven/redirect?r=central-proxy&g=org.grouplens.lenskit&a=lenskit-svd&v=0.7&e=pom, ,
legal,1.0,org.apache.servicemix.legal,central-proxy,https://repository.sonatype.org/service/local/artifact/maven/redirect?r=central-proxy&g=org.apache.servicemix.legal&a=legal&v=1.0&e=pom,SCM[scm:svn:http://svn.apache.org/repos/asf/servicemix/smx4/legal/tags/legal-1.0;http://svn.apache.org/viewvc/servicemix/smx4/legal/tags/legal-1.0],
lewys,1.0,org.objectweb.lewys,central-proxy,https://repository.sonatype.org/service/local/artifact/maven/redirect?r=central-proxy&g=org.objectweb.lewys&a=lewys&v=1.0&e=pom, ,
lewys,2.0.0,org.objectweb.lewys,central-proxy,https://repository.sonatype.org/service/local/artifact/maven/redirect?r=central-proxy&g=org.objectweb.lewys&a=lewys&v=2.0.0&e=pom, ,
legstar-core,1.5.0,com.legsem.legstar,central-proxy,https://repository.sonatype.org/service/local/artifact/maven/redirect?r=central-proxy&g=com.legsem.legstar&a=legstar-core&v=1.5.0&e=pom,SCM[scm:svn:http://legstar.googlecode.com/svn/tags/legstar-core-1.5.0;http://legstar.googlecode.com/svn/tags/legstar-core-1.5.0],
legstar-core,1.5.1,com.legsem.legstar,central-proxy,https://repository.sonatype.org/service/local/artifact/maven/redirect?r=central-proxy&g=com.legsem.legstar&a=legstar-core&v=1.5.1&e=pom,SCM[scm:svn:http://legstar.googlecode.com/svn/tags/legstar-core-1.5.1;http://legstar.googlecode.com/svn/tags/legstar-core-1.5.1],
legstar-xsd2cob-dist,0.2.0,com.legsem.legstar,central-proxy,https://repository.sonatype.org/service/local/artifact/maven/redirect?r=central-proxy&g=com.legsem.legstar&a=legstar-xsd2cob-dist&v=0.2.0&e=pom, ,
legato-parent,0.9,net.disy.legato,central-proxy,https://repository.sonatype.org/service/local/artifact/maven/redirect?r=central-proxy&g=net.disy.legato&a=legato-parent&v=0.9&e=pom,SCM[scm:svn:https://legato.svn.sourceforge.net/svnroot/legato/legato-core/trunk/legato-parent/;http://legato.svn.sourceforge.net/viewvc/legato/legato-core/trunk/legato-parent/],
legato-parent,1.0,net.disy.legato,central-proxy,https://repository.sonatype.org/service/local/artifact/maven/redirect?r=central-proxy&g=net.disy.legato&a=legato-parent&v=1.0&e=pom,SCM[scm:svn:https://legato.svn.sourceforge.net/svnroot/legato/legato-core/tags/legato-parent-1.0/legato-parent;http://legato.svn.sourceforge.net/viewvc/legato/legato-core/tags/legato-parent-1.0/legato-parent],
legato-parent,1.1,net.disy.legato,central-proxy,https://repository.sonatype.org/service/local/artifact/maven/redirect?r=central-proxy&g=net.disy.legato&a=legato-parent&v=1.1&e=pom,SCM[scm:svn:https://legato.svn.sourceforge.net/svnroot/legato/legato-core/tags/1.1/legato-parent;http://legato.svn.sourceforge.net/viewvc/legato/legato-core/tags/1.1/legato-parent],
legato-parent,1.1.1,net.disy.legato,central-proxy,https://repository.sonatype.org/service/local/artifact/maven/redirect?r=central-proxy&g=net.disy.legato&a=legato-parent&v=1.1.1&e=pom,SCM[scm:svn:https://legato.svn.sourceforge.net/svnroot/legato/legato-core/tags/1.1.1/legato-parent;http://legato.svn.sourceforge.net/viewvc/legato/legato-core/tags/1.1.1/legato-parent],
lenskit,0.0.3,org.grouplens.lenskit,central-proxy,https://repository.sonatype.org/service/local/artifact/maven/redirect?r=central-proxy&g=org.grouplens.lenskit&a=lenskit&v=0.0.3&e=pom,SCM[scm:hg:http://dev.grouplens.org/hg/lenskit;http://dev.grouplens.org/hg/lenskit],
lenskit,0.1,org.grouplens.lenskit,central-proxy,https://repository.sonatype.org/service/local/artifact/maven/redirect?r=central-proxy&g=org.grouplens.lenskit&a=lenskit&v=0.1&e=pom,SCM[scm:hg:http://dev.grouplens.org/hg/lenskit;http://dev.grouplens.org/hg/lenskit],
lenskit-package,0.1,org.grouplens.lenskit,central-proxy,https://repository.sonatype.org/service/local/artifact/maven/redirect?r=central-proxy&g=org.grouplens.lenskit&a=lenskit-package&v=0.1&e=pom, ,
lenskit,0.2,org.grouplens.lenskit,central-proxy,https://repository.sonatype.org/service/local/artifact/maven/redirect?r=central-proxy&g=org.grouplens.lenskit&a=lenskit&v=0.2&e=pom,SCM[scm:hg:http://dev.grouplens.org/hg/lenskit;http://dev.grouplens.org/hg/lenskit],
lenskit,0.3,org.grouplens.lenskit,central-proxy,https://repository.sonatype.org/service/local/artifact/maven/redirect?r=central-proxy&g=org.grouplens.lenskit&a=lenskit&v=0.3&e=pom,SCM[scm:hg:http://dev.grouplens.org/hg/lenskit;http://dev.grouplens.org/hg/lenskit],
lenskit-package,0.3,org.grouplens.lenskit,central-proxy,https://repository.sonatype.org/service/local/artifact/maven/redirect?r=central-proxy&g=org.grouplens.lenskit&a=lenskit-package&v=0.3&e=pom, ,
lenskit,0.3.1,org.grouplens.lenskit,central-proxy,https://repository.sonatype.org/service/local/artifact/maven/redirect?r=central-proxy&g=org.grouplens.lenskit&a=lenskit&v=0.3.1&e=pom,SCM[scm:hg:http://dev.grouplens.org/hg/lenskit;http://dev.grouplens.org/hg/lenskit],
lenskit-package,0.3.1,org.grouplens.lenskit,central-proxy,https://repository.sonatype.org/service/local/artifact/maven/redirect?r=central-proxy&g=org.grouplens.lenskit&a=lenskit-package&v=0.3.1&e=pom, ,
libc,1.1-alpha-5,org.objectweb.think.minus.libc,central-proxy,https://repository.sonatype.org/service/local/artifact/maven/redirect?r=central-proxy&g=org.objectweb.think.minus.libc&a=libc&v=1.1-alpha-5&e=pom, ,
libc-parent,1.1,org.objectweb.think.minus.libc,central-proxy,https://repository.sonatype.org/service/local/artifact/maven/redirect?r=central-proxy&g=org.objectweb.think.minus.libc&a=libc-parent&v=1.1&e=pom, ,
libc-parent,1.2,org.objectweb.think.minus.libc,central-proxy,https://repository.sonatype.org/service/local/artifact/maven/redirect?r=central-proxy&g=org.objectweb.think.minus.libc&a=libc-parent&v=1.2&e=pom, ,
libc-parent,1.2-alpha-1,org.objectweb.think.minus.libc,central-proxy,https://repository.sonatype.org/service/local/artifact/maven/redirect?r=central-proxy&g=org.objectweb.think.minus.libc&a=libc-parent&v=1.2-alpha-1&e=pom, ,
libxjava-cdc,0.1,com.github.mcpat.libxjava,central-proxy,https://repository.sonatype.org/service/local/artifact/maven/redirect?r=central-proxy&g=com.github.mcpat.libxjava&a=libxjava-cdc&v=0.1&e=pom, ,
libxjava-cldc,0.1,com.github.mcpat.libxjava,central-proxy,https://repository.sonatype.org/service/local/artifact/maven/redirect?r=central-proxy&g=com.github.mcpat.libxjava&a=libxjava-cldc&v=0.1&e=pom, ,
libxjava-jse5,0.1,com.github.mcpat.libxjava,central-proxy,https://repository.sonatype.org/service/local/artifact/maven/redirect?r=central-proxy&g=com.github.mcpat.libxjava&a=libxjava-jse5&v=0.1&e=pom, ,
libxjava-parent,0.1,com.github.mcpat.libxjava,central-proxy,https://repository.sonatype.org/service/local/artifact/maven/redirect?r=central-proxy&g=com.github.mcpat.libxjava&a=libxjava-parent&v=0.1&e=pom,SCM[scm:git:git://github.com/mcpat/java-microedition-libraries.git;git://github.com/mcpat/java-microedition-libraries.git],
libxjava-cdc,0.2,com.github.mcpat.libxjava,central-proxy,https://repository.sonatype.org/service/local/artifact/maven/redirect?r=central-proxy&g=com.github.mcpat.libxjava&a=libxjava-cdc&v=0.2&e=pom, ,
libxjava-cldc,0.2,com.github.mcpat.libxjava,central-proxy,https://repository.sonatype.org/service/local/artifact/maven/redirect?r=central-proxy&g=com.github.mcpat.libxjava&a=libxjava-cldc&v=0.2&e=pom, ,
libxjava-jse5,0.2,com.github.mcpat.libxjava,central-proxy,https://repository.sonatype.org/service/local/artifact/maven/redirect?r=central-proxy&g=com.github.mcpat.libxjava&a=libxjava-jse5&v=0.2&e=pom, ,
libxjava-parent,0.2,com.github.mcpat.libxjava,central-proxy,https://repository.sonatype.org/service/local/artifact/maven/redirect?r=central-proxy&g=com.github.mcpat.libxjava&a=libxjava-parent&v=0.2&e=pom,SCM[scm:git:git://github.com/mcpat/java-microedition-libraries.git;git://github.com/mcpat/java-microedition-libraries.git],
libxjava-cdc,0.3,com.github.mcpat.libxjava,central-proxy,https://repository.sonatype.org/service/local/artifact/maven/redirect?r=central-proxy&g=com.github.mcpat.libxjava&a=libxjava-cdc&v=0.3&e=pom, ,
libxjava-cldc,0.3,com.github.mcpat.libxjava,central-proxy,https://repository.sonatype.org/service/local/artifact/maven/redirect?r=central-proxy&g=com.github.mcpat.libxjava&a=libxjava-cldc&v=0.3&e=pom, ,
libxjava-jse5,0.3,com.github.mcpat.libxjava,central-proxy,https://repository.sonatype.org/service/local/artifact/maven/redirect?r=central-proxy&g=com.github.mcpat.libxjava&a=libxjava-jse5&v=0.3&e=pom, ,
libxjava-parent,0.3,com.github.mcpat.libxjava,central-proxy,https://repository.sonatype.org/service/local/artifact/maven/redirect?r=central-proxy&g=com.github.mcpat.libxjava&a=libxjava-parent&v=0.3&e=pom,SCM[scm:git:git://github.com/mcpat/java-microedition-libraries.git;git://github.com/mcpat/java-microedition-libraries.git],
lib-core,0.1,org.softsmithy.lib,central-proxy,https://repository.sonatype.org/service/local/artifact/maven/redirect?r=central-proxy&g=org.softsmithy.lib&a=lib-core&v=0.1&e=pom,SCM[${scm.connection};${scm.url}],
libphonenumber,3.0.0,com.googlecode.libphonenumber,central-proxy,https://repository.sonatype.org/service/local/artifact/maven/redirect?r=central-proxy&g=com.googlecode.libphonenumber&a=libphonenumber&v=3.0.0&e=pom,SCM[scm:svn:http://libphonenumber.googlecode.com/svn/tags/libphonenumber-3.0.0;scm:svn:http://libphonenumber.googlecode.com/svn/tags/libphonenumber-3.0.0],
libphonenumber,3.1,com.googlecode.libphonenumber,central-proxy,https://repository.sonatype.org/service/local/artifact/maven/redirect?r=central-proxy&g=com.googlecode.libphonenumber&a=libphonenumber&v=3.1&e=pom,SCM[scm:svn:http://libphonenumber.googlecode.com/svn/tags/libphonenumber-3.1;scm:svn:http://libphonenumber.googlecode.com/svn/tags/libphonenumber-3.1],
libphonenumber,3.2,com.googlecode.libphonenumber,central-proxy,https://repository.sonatype.org/service/local/artifact/maven/redirect?r=central-proxy&g=com.googlecode.libphonenumber&a=libphonenumber&v=3.2&e=pom,SCM[scm:svn:http://libphonenumber.googlecode.com/svn/tags/libphonenumber-3.2;scm:svn:http://libphonenumber.googlecode.com/svn/tags/libphonenumber-3.2],
libphonenumber,3.3,com.googlecode.libphonenumber,central-proxy,https://repository.sonatype.org/service/local/artifact/maven/redirect?r=central-proxy&g=com.googlecode.libphonenumber&a=libphonenumber&v=3.3&e=pom,SCM[scm:svn:http://libphonenumber.googlecode.com/svn/tags/libphonenumber-3.3;scm:svn:http://libphonenumber.googlecode.com/svn/tags/libphonenumber-3.3],
libphonenumber,3.4,com.googlecode.libphonenumber,central-proxy,https://repository.sonatype.org/service/local/artifact/maven/redirect?r=central-proxy&g=com.googlecode.libphonenumber&a=libphonenumber&v=3.4&e=pom,SCM[scm:svn:http://libphonenumber.googlecode.com/svn/tags/libphonenumber-3.4;scm:svn:http://libphonenumber.googlecode.com/svn/tags/libphonenumber-3.4],
libphonenumber,3.5,com.googlecode.libphonenumber,central-proxy,https://repository.sonatype.org/service/local/artifact/maven/redirect?r=central-proxy&g=com.googlecode.libphonenumber&a=libphonenumber&v=3.5&e=pom,SCM[scm:svn:http://libphonenumber.googlecode.com/svn/tags/libphonenumber-3.5;scm:svn:http://libphonenumber.googlecode.com/svn/tags/libphonenumber-3.5],
libphonenumber,3.6,com.googlecode.libphonenumber,central-proxy,https://repository.sonatype.org/service/local/artifact/maven/redirect?r=central-proxy&g=com.googlecode.libphonenumber&a=libphonenumber&v=3.6&e=pom,SCM[scm:svn:http://libphonenumber.googlecode.com/svn/tags/libphonenumber-3.6;scm:svn:http://libphonenumber.googlecode.com/svn/tags/libphonenumber-3.6],
libphonenumber,3.7,com.googlecode.libphonenumber,central-proxy,https://repository.sonatype.org/service/local/artifact/maven/redirect?r=central-proxy&g=com.googlecode.libphonenumber&a=libphonenumber&v=3.7&e=pom,SCM[scm:svn:http://libphonenumber.googlecode.com/svn/tags/libphonenumber-3.7;scm:svn:http://libphonenumber.googlecode.com/svn/tags/libphonenumber-3.7],
libphonenumber,3.8,com.googlecode.libphonenumber,central-proxy,https://repository.sonatype.org/service/local/artifact/maven/redirect?r=central-proxy&g=com.googlecode.libphonenumber&a=libphonenumber&v=3.8&e=pom,SCM[scm:svn:http://libphonenumber.googlecode.com/svn/tags/libphonenumber-3.8;scm:svn:http://libphonenumber.googlecode.com/svn/tags/libphonenumber-3.8],
libvirt-slave,1.0,hudson.plugins.libvirt,central-proxy,https://repository.sonatype.org/service/local/artifact/maven/redirect?r=central-proxy&g=hudson.plugins.libvirt&a=libvirt-slave&v=1.0&e=pom,SCM[scm:svn:https://guest@svn.dev.java.net/svn/hudson/tags/libvirt-slave-1.0;https://hudson.dev.java.net/source/browse/hudson/tags/libvirt-slave-1.0],
libvirt-slave,1.1,hudson.plugins.libvirt,central-proxy,https://repository.sonatype.org/service/local/artifact/maven/redirect?r=central-proxy&g=hudson.plugins.libvirt&a=libvirt-slave&v=1.1&e=pom,SCM[scm:svn:https://guest@svn.dev.java.net/svn/hudson/tags/libvirt-slave-1.1;https://hudson.dev.java.net/source/browse/hudson/tags/libvirt-slave-1.1],
libvirt-slave,1.2,hudson.plugins.libvirt,central-proxy,https://repository.sonatype.org/service/local/artifact/maven/redirect?r=central-proxy&g=hudson.plugins.libvirt&a=libvirt-slave&v=1.2&e=pom,SCM[scm:svn:https://guest@svn.dev.java.net/svn/hudson/tags/libvirt-slave-1.2;https://hudson.dev.java.net/source/browse/hudson/tags/libvirt-slave-1.2],
libvirt-slave,1.3,hudson.plugins.libvirt,central-proxy,https://repository.sonatype.org/service/local/artifact/maven/redirect?r=central-proxy&g=hudson.plugins.libvirt&a=libvirt-slave&v=1.3&e=pom,SCM[scm:svn:https://guest@svn.dev.java.net/svn/hudson/tags/libvirt-slave-1.3;https://hudson.dev.java.net/source/browse/hudson/tags/libvirt-slave-1.3],
libvirt-slave,1.4,hudson.plugins.libvirt,central-proxy,https://repository.sonatype.org/service/local/artifact/maven/redirect?r=central-proxy&g=hudson.plugins.libvirt&a=libvirt-slave&v=1.4&e=pom,SCM[scm:svn:https://guest@svn.dev.java.net/svn/hudson/tags/libvirt-slave-1.4;https://hudson.dev.java.net/source/browse/hudson/tags/libvirt-slave-1.4],
libvirt-slave,1.5,hudson.plugins.libvirt,central-proxy,https://repository.sonatype.org/service/local/artifact/maven/redirect?r=central-proxy&g=hudson.plugins.libvirt&a=libvirt-slave&v=1.5&e=pom,SCM[scm:svn:https://guest@svn.dev.java.net/svn/hudson/tags/libvirt-slave-1.5;https://hudson.dev.java.net/source/browse/hudson/tags/libvirt-slave-1.5],
libvirt-slave,1.6,hudson.plugins.libvirt,central-proxy,https://repository.sonatype.org/service/local/artifact/maven/redirect?r=central-proxy&g=hudson.plugins.libvirt&a=libvirt-slave&v=1.6&e=pom,SCM[scm:svn:https://guest@svn.dev.java.net/svn/hudson/tags/libvirt-slave-1.6;https://hudson.dev.java.net/source/browse/hudson/tags/libvirt-slave-1.6],
libpam4j,1.0,org.jvnet.libpam4j,central-proxy,https://repository.sonatype.org/service/local/artifact/maven/redirect?r=central-proxy&g=org.jvnet.libpam4j&a=libpam4j&v=1.0&e=pom, ,
libpam4j,1.1,org.jvnet.libpam4j,central-proxy,https://repository.sonatype.org/service/local/artifact/maven/redirect?r=central-proxy&g=org.jvnet.libpam4j&a=libpam4j&v=1.1&e=pom,SCM[scm:svn:https://svn.dev.java.net/svn/libpam4j/tags/libpam4j-1.1;https://libpam4j.dev.java.net/source/browse/libpam4j/tags/libpam4j-1.1],
libpam4j,1.2,org.jvnet.libpam4j,central-proxy,https://repository.sonatype.org/service/local/artifact/maven/redirect?r=central-proxy&g=org.jvnet.libpam4j&a=libpam4j&v=1.2&e=pom,SCM[scm:svn:https://svn.dev.java.net/svn/libpam4j/tags/libpam4j-1.2;https://libpam4j.dev.java.net/source/browse/libpam4j/tags/libpam4j-1.2],
libpam4j,1.3,org.jvnet.libpam4j,central-proxy,https://repository.sonatype.org/service/local/artifact/maven/redirect?r=central-proxy&g=org.jvnet.libpam4j&a=libpam4j&v=1.3&e=pom,SCM[scm:svn:https://svn.dev.java.net/svn/libpam4j/tags/libpam4j-1.3;https://libpam4j.dev.java.net/source/browse/libpam4j/tags/libpam4j-1.3],
libpam4j,1.4,org.jvnet.libpam4j,central-proxy,https://repository.sonatype.org/service/local/artifact/maven/redirect?r=central-proxy&g=org.jvnet.libpam4j&a=libpam4j&v=1.4&e=pom,SCM[scm:svn:https://svn.java.net/svn/libpam4j~svn/tags/libpam4j-1.4;https://svn.java.net/svn/libpam4j~svn/tags/libpam4j-1.4],
libzfs,0.1,org.jvnet.libzfs,central-proxy,https://repository.sonatype.org/service/local/artifact/maven/redirect?r=central-proxy&g=org.jvnet.libzfs&a=libzfs&v=0.1&e=pom, ,
libzfs,0.2,org.jvnet.libzfs,central-proxy,https://repository.sonatype.org/service/local/artifact/maven/redirect?r=central-proxy&g=org.jvnet.libzfs&a=libzfs&v=0.2&e=pom,SCM[scm:svn:https://zfs.dev.java.net/svn/zfs/tags/libzfs-0.2;https://zfs.dev.java.net/source/browse/zfs/tags/libzfs-0.2],
libzfs,0.3,org.jvnet.libzfs,central-proxy,https://repository.sonatype.org/service/local/artifact/maven/redirect?r=central-proxy&g=org.jvnet.libzfs&a=libzfs&v=0.3&e=pom,SCM[scm:svn:https://zfs.dev.java.net/svn/zfs/tags/libzfs-0.3;https://zfs.dev.java.net/source/browse/zfs/tags/libzfs-0.3],
libzfs,0.4,org.jvnet.libzfs,central-proxy,https://repository.sonatype.org/service/local/artifact/maven/redirect?r=central-proxy&g=org.jvnet.libzfs&a=libzfs&v=0.4&e=pom,SCM[scm:svn:https://zfs.dev.java.net/svn/zfs/tags/libzfs-0.4;https://zfs.dev.java.net/source/browse/zfs/tags/libzfs-0.4],
libzfs,0.5,org.jvnet.libzfs,central-proxy,https://repository.sonatype.org/service/local/artifact/maven/redirect?r=central-proxy&g=org.jvnet.libzfs&a=libzfs&v=0.5&e=pom,SCM[scm:svn:https://zfs.dev.java.net/svn/zfs/tags/libzfs-0.5;https://zfs.dev.java.net/source/browse/zfs/tags/libzfs-0.5],
libphonenumber,3.9,com.googlecode.libphonenumber,central-proxy,https://repository.sonatype.org/service/local/artifact/maven/redirect?r=central-proxy&g=com.googlecode.libphonenumber&a=libphonenumber&v=3.9&e=pom,SCM[scm:svn:http://libphonenumber.googlecode.com/svn/tags/libphonenumber-3.9;scm:svn:http://libphonenumber.googlecode.com/svn/tags/libphonenumber-3.9],
libL4-parent,1.1,org.objectweb.think.minus.applications.libL4,central-proxy,https://repository.sonatype.org/service/local/artifact/maven/redirect?r=central-proxy&g=org.objectweb.think.minus.applications.libL4&a=libL4-parent&v=1.1&e=pom, ,
libL4-parent,1.1-alpha-2,org.objectweb.think.minus.applications.libL4,central-proxy,https://repository.sonatype.org/service/local/artifact/maven/redirect?r=central-proxy&g=org.objectweb.think.minus.applications.libL4&a=libL4-parent&v=1.1-alpha-2&e=pom, ,
libL4-parent,1.1-alpha-5,org.objectweb.think.minus.applications.libL4,central-proxy,https://repository.sonatype.org/service/local/artifact/maven/redirect?r=central-proxy&g=org.objectweb.think.minus.applications.libL4&a=libL4-parent&v=1.1-alpha-5&e=pom, ,
libc,1.1,org.objectweb.think.minus.libc,central-proxy,https://repository.sonatype.org/service/local/artifact/maven/redirect?r=central-proxy&g=org.objectweb.think.minus.libc&a=libc&v=1.1&e=pom, ,
libc,1.1-alpha-2,org.objectweb.think.minus.libc,central-proxy,https://repository.sonatype.org/service/local/artifact/maven/redirect?r=central-proxy&g=org.objectweb.think.minus.libc&a=libc&v=1.1-alpha-2&e=pom, ,
libc,1.2,org.objectweb.think.minus.libc,central-proxy,https://repository.sonatype.org/service/local/artifact/maven/redirect?r=central-proxy&g=org.objectweb.think.minus.libc&a=libc&v=1.2&e=pom, ,
libc,1.2-alpha-1,org.objectweb.think.minus.libc,central-proxy,https://repository.sonatype.org/service/local/artifact/maven/redirect?r=central-proxy&g=org.objectweb.think.minus.libc&a=libc&v=1.2-alpha-1&e=pom, ,
libc-parent,1.1-alpha-2,org.objectweb.think.minus.libc,central-proxy,https://repository.sonatype.org/service/local/artifact/maven/redirect?r=central-proxy&g=org.objectweb.think.minus.libc&a=libc-parent&v=1.1-alpha-2&e=pom, ,
libvirt,0.3.0,org.libvirt,central-proxy,https://repository.sonatype.org/service/local/artifact/maven/redirect?r=central-proxy&g=org.libvirt&a=libvirt&v=0.3.0&e=pom, ,
libvirt,0.3.1,org.libvirt,central-proxy,https://repository.sonatype.org/service/local/artifact/maven/redirect?r=central-proxy&g=org.libvirt&a=libvirt&v=0.3.1&e=pom, ,
libvirt,0.3.2,org.libvirt,central-proxy,https://repository.sonatype.org/service/local/artifact/maven/redirect?r=central-proxy&g=org.libvirt&a=libvirt&v=0.3.2&e=pom, ,
libvirt,0.4.0,org.libvirt,central-proxy,https://repository.sonatype.org/service/local/artifact/maven/redirect?r=central-proxy&g=org.libvirt&a=libvirt&v=0.4.0&e=pom, ,
libvirt,0.4.1,org.libvirt,central-proxy,https://repository.sonatype.org/service/local/artifact/maven/redirect?r=central-proxy&g=org.libvirt&a=libvirt&v=0.4.1&e=pom, ,
libvirt,0.4.2,org.libvirt,central-proxy,https://repository.sonatype.org/service/local/artifact/maven/redirect?r=central-proxy&g=org.libvirt&a=libvirt&v=0.4.2&e=pom, ,
libvirt,0.4.3,org.libvirt,central-proxy,https://repository.sonatype.org/service/local/artifact/maven/redirect?r=central-proxy&g=org.libvirt&a=libvirt&v=0.4.3&e=pom, ,
libvirt,0.4.5,org.libvirt,central-proxy,https://repository.sonatype.org/service/local/artifact/maven/redirect?r=central-proxy&g=org.libvirt&a=libvirt&v=0.4.5&e=pom, ,
libvirt,0.4.6,org.libvirt,central-proxy,https://repository.sonatype.org/service/local/artifact/maven/redirect?r=central-proxy&g=org.libvirt&a=libvirt&v=0.4.6&e=pom, ,
libvirt,0.4.7,org.libvirt,central-proxy,https://repository.sonatype.org/service/local/artifact/maven/redirect?r=central-proxy&g=org.libvirt&a=libvirt&v=0.4.7&e=pom, ,
lib-parent,0.1,org.softsmithy.lib,central-proxy,https://repository.sonatype.org/service/local/artifact/maven/redirect?r=central-proxy&g=org.softsmithy.lib&a=lib-parent&v=0.1&e=pom,SCM[${scm.parent.connection};${scm.parent.url}],
liferay-layouttpl-archetype,6.0.2,com.liferay.maven.archetypes,central-proxy,https://repository.sonatype.org/service/local/artifact/maven/redirect?r=central-proxy&g=com.liferay.maven.archetypes&a=liferay-layouttpl-archetype&v=6.0.2&e=pom,SCM[scm:svn:svn://svn.liferay.com/repos/public/portal/trunk/support-maven/archetypes/liferay-layouttpl-archetype;http://guest:guest@svn.liferay.com/repos/public/portal/trunk/support-maven/archetypes/liferay-layouttpl-archetype],
liferay-layouttpl-archetype,6.0.3,com.liferay.maven.archetypes,central-proxy,https://repository.sonatype.org/service/local/artifact/maven/redirect?r=central-proxy&g=com.liferay.maven.archetypes&a=liferay-layouttpl-archetype&v=6.0.3&e=pom,SCM[scm:svn:svn://svn.liferay.com/repos/public/portal/trunk/support-maven/archetypes/liferay-layouttpl-archetype;http://guest:guest@svn.liferay.com/repos/public/portal/trunk/support-maven/archetypes/liferay-layouttpl-archetype],
liferay-portlet-archetype,6.0.2,com.liferay.maven.archetypes,central-proxy,https://repository.sonatype.org/service/local/artifact/maven/redirect?r=central-proxy&g=com.liferay.maven.archetypes&a=liferay-portlet-archetype&v=6.0.2&e=pom,SCM[scm:svn:svn://svn.liferay.com/repos/public/portal/trunk/support-maven/archetypes/liferay-portlet-archetype;http://guest:guest@svn.liferay.com/repos/public/portal/trunk/support-maven/archetypes/liferay-portlet-archetype],
liferay-portlet-archetype,6.0.3,com.liferay.maven.archetypes,central-proxy,https://repository.sonatype.org/service/local/artifact/maven/redirect?r=central-proxy&g=com.liferay.maven.archetypes&a=liferay-portlet-archetype&v=6.0.3&e=pom,SCM[scm:svn:svn://svn.liferay.com/repos/public/portal/trunk/support-maven/archetypes/liferay-portlet-archetype;http://guest:guest@svn.liferay.com/repos/public/portal/trunk/support-maven/archetypes/liferay-portlet-archetype],
liferay-theme-archetype,6.0.2,com.liferay.maven.archetypes,central-proxy,https://repository.sonatype.org/service/local/artifact/maven/redirect?r=central-proxy&g=com.liferay.maven.archetypes&a=liferay-theme-archetype&v=6.0.2&e=pom,SCM[scm:svn:svn://svn.liferay.com/repos/public/portal/trunk/support-maven/archetypes/liferay-theme-archetype;http://guest:guest@svn.liferay.com/repos/public/portal/trunk/support-maven/archetypes/liferay-theme-archetype],
liferay-theme-archetype,6.0.3,com.liferay.maven.archetypes,central-proxy,https://repository.sonatype.org/service/local/artifact/maven/redirect?r=central-proxy&g=com.liferay.maven.archetypes&a=liferay-theme-archetype&v=6.0.3&e=pom,SCM[scm:svn:svn://svn.liferay.com/repos/public/portal/trunk/support-maven/archetypes/liferay-theme-archetype;http://guest:guest@svn.liferay.com/repos/public/portal/trunk/support-maven/archetypes/liferay-theme-archetype],
liferay-maven-plugin,6.0.2,com.liferay.maven.plugins,central-proxy,https://repository.sonatype.org/service/local/artifact/maven/redirect?r=central-proxy&g=com.liferay.maven.plugins&a=liferay-maven-plugin&v=6.0.2&e=pom,SCM[scm:svn:svn://svn.liferay.com/repos/public/portal/trunk/support-maven/plugins/liferay-maven-plugin;http://guest:guest@svn.liferay.com/repos/public/portal/trunk/support-maven/plugins/liferay-maven-plugin],
liferay-maven-plugin,6.0.3,com.liferay.maven.plugins,central-proxy,https://repository.sonatype.org/service/local/artifact/maven/redirect?r=central-proxy&g=com.liferay.maven.plugins&a=liferay-maven-plugin&v=6.0.3&e=pom,SCM[scm:svn:svn://svn.liferay.com/repos/public/portal/trunk/support-maven/plugins/liferay-maven-plugin;http://guest:guest@svn.liferay.com/repos/public/portal/trunk/support-maven/plugins/liferay-maven-plugin],
liferay-layouttpl-archetype,6.0.4,com.liferay.maven.archetypes,central-proxy,https://repository.sonatype.org/service/local/artifact/maven/redirect?r=central-proxy&g=com.liferay.maven.archetypes&a=liferay-layouttpl-archetype&v=6.0.4&e=pom,SCM[scm:svn:svn://svn.liferay.com/repos/public/portal/trunk/support-maven/archetypes/liferay-layouttpl-archetype;http://guest:guest@svn.liferay.com/repos/public/portal/trunk/support-maven/archetypes/liferay-layouttpl-archetype],
liferay-portlet-archetype,6.0.4,com.liferay.maven.archetypes,central-proxy,https://repository.sonatype.org/service/local/artifact/maven/redirect?r=central-proxy&g=com.liferay.maven.archetypes&a=liferay-portlet-archetype&v=6.0.4&e=pom,SCM[scm:svn:svn://svn.liferay.com/repos/public/portal/trunk/support-maven/archetypes/liferay-portlet-archetype;http://guest:guest@svn.liferay.com/repos/public/portal/trunk/support-maven/archetypes/liferay-portlet-archetype],
liferay-theme-archetype,6.0.4,com.liferay.maven.archetypes,central-proxy,https://repository.sonatype.org/service/local/artifact/maven/redirect?r=central-proxy&g=com.liferay.maven.archetypes&a=liferay-theme-archetype&v=6.0.4&e=pom,SCM[scm:svn:svn://svn.liferay.com/repos/public/portal/trunk/support-maven/archetypes/liferay-theme-archetype;http://guest:guest@svn.liferay.com/repos/public/portal/trunk/support-maven/archetypes/liferay-theme-archetype],
liferay-maven-plugin,6.0.4,com.liferay.maven.plugins,central-proxy,https://repository.sonatype.org/service/local/artifact/maven/redirect?r=central-proxy&g=com.liferay.maven.plugins&a=liferay-maven-plugin&v=6.0.4&e=pom,SCM[scm:svn:svn://svn.liferay.com/repos/public/portal/trunk/support-maven/plugins/liferay-maven-plugin;http://guest:guest@svn.liferay.com/repos/public/portal/trunk/support-maven/plugins/liferay-maven-plugin],
liferay-layouttpl-archetype,6.0.5,com.liferay.maven.archetypes,central-proxy,https://repository.sonatype.org/service/local/artifact/maven/redirect?r=central-proxy&g=com.liferay.maven.archetypes&a=liferay-layouttpl-archetype&v=6.0.5&e=pom,SCM[scm:svn:svn://svn.liferay.com/repos/public/portal/trunk/support-maven/archetypes/liferay-layouttpl-archetype;http://guest:guest@svn.liferay.com/repos/public/portal/trunk/support-maven/archetypes/liferay-layouttpl-archetype],
liferay-portlet-archetype,6.0.5,com.liferay.maven.archetypes,central-proxy,https://repository.sonatype.org/service/local/artifact/maven/redirect?r=central-proxy&g=com.liferay.maven.archetypes&a=liferay-portlet-archetype&v=6.0.5&e=pom,SCM[scm:svn:svn://svn.liferay.com/repos/public/portal/trunk/support-maven/archetypes/liferay-portlet-archetype;http://guest:guest@svn.liferay.com/repos/public/portal/trunk/support-maven/archetypes/liferay-portlet-archetype],
liferay-theme-archetype,6.0.5,com.liferay.maven.archetypes,central-proxy,https://repository.sonatype.org/service/local/artifact/maven/redirect?r=central-proxy&g=com.liferay.maven.archetypes&a=liferay-theme-archetype&v=6.0.5&e=pom,SCM[scm:svn:svn://svn.liferay.com/repos/public/portal/trunk/support-maven/archetypes/liferay-theme-archetype;http://guest:guest@svn.liferay.com/repos/public/portal/trunk/support-maven/archetypes/liferay-theme-archetype],
liferay-maven-plugin,6.0.5,com.liferay.maven.plugins,central-proxy,https://repository.sonatype.org/service/local/artifact/maven/redirect?r=central-proxy&g=com.liferay.maven.plugins&a=liferay-maven-plugin&v=6.0.5&e=pom,SCM[scm:svn:svn://svn.liferay.com/repos/public/portal/trunk/support-maven/plugins/liferay-maven-plugin;http://guest:guest@svn.liferay.com/repos/public/portal/trunk/support-maven/plugins/liferay-maven-plugin],
liferay-portlet-archetype,6.0.6,com.liferay.maven.archetypes,central-proxy,https://repository.sonatype.org/service/local/artifact/maven/redirect?r=central-proxy&g=com.liferay.maven.archetypes&a=liferay-portlet-archetype&v=6.0.6&e=pom,SCM[scm:svn:svn://svn.liferay.com/repos/public/portal/trunk/support-maven/archetypes/liferay-portlet-archetype;http://guest:guest@svn.liferay.com/repos/public/portal/trunk/support-maven/archetypes/liferay-portlet-archetype],
liferay-maven-plugin,6.0.6,com.liferay.maven.plugins,central-proxy,https://repository.sonatype.org/service/local/artifact/maven/redirect?r=central-proxy&g=com.liferay.maven.plugins&a=liferay-maven-plugin&v=6.0.6&e=pom,SCM[scm:svn:svn://svn.liferay.com/repos/public/portal/trunk/support-maven/plugins/liferay-maven-plugin;http://guest:guest@svn.liferay.com/repos/public/portal/trunk/support-maven/plugins/liferay-maven-plugin],
liferay-user-associations-core-bc-module-portlet,1.0,se.vgregion.liferay-user-associations,central-proxy,https://repository.sonatype.org/service/local/artifact/maven/redirect?r=central-proxy&g=se.vgregion.liferay-user-associations&a=liferay-user-associations-core-bc-module-portlet&v=1.0&e=pom, ,
liferay-user-associations-core-bc,1.0,se.vgregion.liferay-user-associations,central-proxy,https://repository.sonatype.org/service/local/artifact/maven/redirect?r=central-proxy&g=se.vgregion.liferay-user-associations&a=liferay-user-associations-core-bc&v=1.0&e=pom, ,
liferay-user-associations-system,1.0,se.vgregion.liferay-user-associations,central-proxy,https://repository.sonatype.org/service/local/artifact/maven/redirect?r=central-proxy&g=se.vgregion.liferay-user-associations&a=liferay-user-associations-system&v=1.0&e=pom, ,
liferay-portal-src,4.2.1,com.liferay,central-proxy,https://repository.sonatype.org/service/local/artifact/maven/redirect?r=central-proxy&g=com.liferay&a=liferay-portal-src&v=4.2.1&e=pom, ,
liferay-archetypes,6.0.2,com.liferay.maven,central-proxy,https://repository.sonatype.org/service/local/artifact/maven/redirect?r=central-proxy&g=com.liferay.maven&a=liferay-archetypes&v=6.0.2&e=pom,SCM[scm:svn:svn://svn.liferay.com/repos/public/portal/trunk/support-maven/archetypes;http://guest:guest@svn.liferay.com/repos/public/portal/trunk/support-maven/archetypes],
liferay-archetypes,6.0.3,com.liferay.maven,central-proxy,https://repository.sonatype.org/service/local/artifact/maven/redirect?r=central-proxy&g=com.liferay.maven&a=liferay-archetypes&v=6.0.3&e=pom,SCM[scm:svn:svn://svn.liferay.com/repos/public/portal/trunk/support-maven/archetypes;http://guest:guest@svn.liferay.com/repos/public/portal/trunk/support-maven/archetypes],
liferay-archetypes,6.0.4,com.liferay.maven,central-proxy,https://repository.sonatype.org/service/local/artifact/maven/redirect?r=central-proxy&g=com.liferay.maven&a=liferay-archetypes&v=6.0.4&e=pom,SCM[scm:svn:svn://svn.liferay.com/repos/public/portal/trunk/support-maven/archetypes;http://guest:guest@svn.liferay.com/repos/public/portal/trunk/support-maven/archetypes],
liferay-archetypes,6.0.5,com.liferay.maven,central-proxy,https://repository.sonatype.org/service/local/artifact/maven/redirect?r=central-proxy&g=com.liferay.maven&a=liferay-archetypes&v=6.0.5&e=pom,SCM[scm:svn:svn://svn.liferay.com/repos/public/portal/trunk/support-maven/archetypes;http://guest:guest@svn.liferay.com/repos/public/portal/trunk/support-maven/archetypes],
liferay-layouttpl-archetype,6.0.6,com.liferay.maven.archetypes,central-proxy,https://repository.sonatype.org/service/local/artifact/maven/redirect?r=central-proxy&g=com.liferay.maven.archetypes&a=liferay-layouttpl-archetype&v=6.0.6&e=pom,SCM[scm:svn:svn://svn.liferay.com/repos/public/portal/trunk/support-maven/archetypes/liferay-layouttpl-archetype;http://guest:guest@svn.liferay.com/repos/public/portal/trunk/support-maven/archetypes/liferay-layouttpl-archetype],
liferay-theme-archetype,6.0.6,com.liferay.maven.archetypes,central-proxy,https://repository.sonatype.org/service/local/artifact/maven/redirect?r=central-proxy&g=com.liferay.maven.archetypes&a=liferay-theme-archetype&v=6.0.6&e=pom,SCM[scm:svn:svn://svn.liferay.com/repos/public/portal/trunk/support-maven/archetypes/liferay-theme-archetype;http://guest:guest@svn.liferay.com/repos/public/portal/trunk/support-maven/archetypes/liferay-theme-archetype],
liferay-archetypes,6.0.6,com.liferay.maven,central-proxy,https://repository.sonatype.org/service/local/artifact/maven/redirect?r=central-proxy&g=com.liferay.maven&a=liferay-archetypes&v=6.0.6&e=pom,SCM[scm:svn:svn://svn.liferay.com/repos/public/portal/trunk/support-maven/archetypes;http://guest:guest@svn.liferay.com/repos/public/portal/trunk/support-maven/archetypes],
lightity,0.4,com.googlecode.lightity,central-proxy,https://repository.sonatype.org/service/local/artifact/maven/redirect?r=central-proxy&g=com.googlecode.lightity&a=lightity&v=0.4&e=pom,SCM[scm:svn:http://lightity.googlecode.com/svn/tags/lightity-0.4;http://lightity.googlecode.com/svn/tags/lightity-0.4],
lightity,0.5,com.googlecode.lightity,central-proxy,https://repository.sonatype.org/service/local/artifact/maven/redirect?r=central-proxy&g=com.googlecode.lightity&a=lightity&v=0.5&e=pom,SCM[scm:svn:http://lightity.googlecode.com/svn/tags/lightity-0.5;http://code.google.com/p/lightity/source/browse/tags/lightity-0.5],
lime,0.0.1,org.zdevra,central-proxy,https://repository.sonatype.org/service/local/artifact/maven/redirect?r=central-proxy&g=org.zdevra&a=lime&v=0.0.1&e=pom,SCM[scm:hg:http://code.google.com/p/lime-mvc/;http://code.google.com/p/lime-mvc/],
lime,0.2.0.rc2,org.zdevra,central-proxy,https://repository.sonatype.org/service/local/artifact/maven/redirect?r=central-proxy&g=org.zdevra&a=lime&v=0.2.0.rc2&e=pom,SCM[scm:hg:http://code.google.com/p/lime-mvc/;http://code.google.com/p/lime-mvc/],
lime-freemarker,0.2.0.rc2,org.zdevra,central-proxy,https://repository.sonatype.org/service/local/artifact/maven/redirect?r=central-proxy&g=org.zdevra&a=lime-freemarker&v=0.2.0.rc2&e=pom,SCM[scm:hg:http://code.google.com/p/lime-mvc/;http://code.google.com/p/lime-mvc/],
lime-jsilver,0.2.0.rc2,org.zdevra,central-proxy,https://repository.sonatype.org/service/local/artifact/maven/redirect?r=central-proxy&g=org.zdevra&a=lime-jsilver&v=0.2.0.rc2&e=pom,SCM[scm:hg:http://code.google.com/p/lime-mvc/;http://code.google.com/p/lime-mvc/],
lime-velocity,0.2.0.rc2,org.zdevra,central-proxy,https://repository.sonatype.org/service/local/artifact/maven/redirect?r=central-proxy&g=org.zdevra&a=lime-velocity&v=0.2.0.rc2&e=pom,SCM[scm:hg:http://code.google.com/p/lime-mvc/;http://code.google.com/p/lime-mvc/],
lingo,1.0-M1,lingo,central-proxy,https://repository.sonatype.org/service/local/artifact/maven/redirect?r=central-proxy&g=lingo&a=lingo&v=1.0-M1&e=pom,SCM[scm:cvs:pserver:anonymous@beaver.codehaus.org:/home/projects/lingo/scm:lingo;http://cvs.lingo.codehaus.org/lingo/],
lingo,1.2,org.logicblaze.lingo,central-proxy,https://repository.sonatype.org/service/local/artifact/maven/redirect?r=central-proxy&g=org.logicblaze.lingo&a=lingo&v=1.2&e=pom, ,
lingo,1.2.1,org.logicblaze.lingo,central-proxy,https://repository.sonatype.org/service/local/artifact/maven/redirect?r=central-proxy&g=org.logicblaze.lingo&a=lingo&v=1.2.1&e=pom, ,
lingo,1.3,org.logicblaze.lingo,central-proxy,https://repository.sonatype.org/service/local/artifact/maven/redirect?r=central-proxy&g=org.logicblaze.lingo&a=lingo&v=1.3&e=pom, ,
lingo-assembly,1.2.1,org.logicblaze.lingo,central-proxy,https://repository.sonatype.org/service/local/artifact/maven/redirect?r=central-proxy&g=org.logicblaze.lingo&a=lingo-assembly&v=1.2.1&e=pom, ,
lingo-assembly,1.3,org.logicblaze.lingo,central-proxy,https://repository.sonatype.org/service/local/artifact/maven/redirect?r=central-proxy&g=org.logicblaze.lingo&a=lingo-assembly&v=1.3&e=pom, ,
lingo,1.1,lingo,central-proxy,https://repository.sonatype.org/service/local/artifact/maven/redirect?r=central-proxy&g=lingo&a=lingo&v=1.1&e=pom,SCM[scm:cvs:pserver:anonymous@beaver.codehaus.org:/home/projects/lingo/scm:lingo;http://cvs.lingo.codehaus.org/lingo/],
lingo-parent,1.2.1,org.logicblaze.lingo,central-proxy,https://repository.sonatype.org/service/local/artifact/maven/redirect?r=central-proxy&g=org.logicblaze.lingo&a=lingo-parent&v=1.2.1&e=pom,SCM[scm:svn:http://svn.codehaus.org/lingo/tags/lingo-parent-1.2.1;http://svn.codehaus.org/lingo/tags/lingo-parent-1.2.1],
lingo,1.0,lingo,central-proxy,https://repository.sonatype.org/service/local/artifact/maven/redirect?r=central-proxy&g=lingo&a=lingo&v=1.0&e=pom,SCM[scm:cvs:pserver:anonymous@beaver.codehaus.org:/home/projects/lingo/scm:lingo;http://cvs.lingo.codehaus.org/lingo/],
lingo-parent,1.2,org.logicblaze.lingo,central-proxy,https://repository.sonatype.org/service/local/artifact/maven/redirect?r=central-proxy&g=org.logicblaze.lingo&a=lingo-parent&v=1.2&e=pom,SCM[scm:svn:http://svn.codehaus.org/lingo/tags/lingo-1.2;http://svn.codehaus.org/lingo/tags/lingo-1.2],
lingo-parent,1.3,org.logicblaze.lingo,central-proxy,https://repository.sonatype.org/service/local/artifact/maven/redirect?r=central-proxy&g=org.logicblaze.lingo&a=lingo-parent&v=1.3&e=pom,SCM[scm:svn:http://svn.codehaus.org/lingo/tags/LINGO-1.3;http://svn.codehaus.org/lingo/tags/LINGO-1.3],
lipsum,1.0,org.codeswarm,central-proxy,https://repository.sonatype.org/service/local/artifact/maven/redirect?r=central-proxy&g=org.codeswarm&a=lipsum&v=1.0&e=pom,SCM[scm:git:git://github.com/codeswarm/lipsum.git;https://github.com/codeswarm/lipsum],
liquidform.jpa,1.0.0,com.google.code.liquidform,central-proxy,https://repository.sonatype.org/service/local/artifact/maven/redirect?r=central-proxy&g=com.google.code.liquidform&a=liquidform.jpa&v=1.0.0&e=pom,SCM[scm:svn:http://liquidform.googlecode.com/svn/tags/liquidform.jpa-1.0.0;http://liquidform.googlecode.com/svn/tags/liquidform.jpa-1.0.0],
liquibase-core,1.6.1,org.liquibase,central-proxy,https://repository.sonatype.org/service/local/artifact/maven/redirect?r=central-proxy&g=org.liquibase&a=liquibase-core&v=1.6.1&e=pom, ,
liquibase-core,1.8.1,org.liquibase,central-proxy,https://repository.sonatype.org/service/local/artifact/maven/redirect?r=central-proxy&g=org.liquibase&a=liquibase-core&v=1.8.1&e=pom, ,
liquibase-core,1.9.3,org.liquibase,central-proxy,https://repository.sonatype.org/service/local/artifact/maven/redirect?r=central-proxy&g=org.liquibase&a=liquibase-core&v=1.9.3&e=pom, ,
liquibase-plugin,1.6.1.0,org.liquibase,central-proxy,https://repository.sonatype.org/service/local/artifact/maven/redirect?r=central-proxy&g=org.liquibase&a=liquibase-plugin&v=1.6.1.0&e=pom, ,
liquibase-core,1.9.5,org.liquibase,central-proxy,https://repository.sonatype.org/service/local/artifact/maven/redirect?r=central-proxy&g=org.liquibase&a=liquibase-core&v=1.9.5&e=pom, ,
liquibase-plugin,1.9.5.0,org.liquibase,central-proxy,https://repository.sonatype.org/service/local/artifact/maven/redirect?r=central-proxy&g=org.liquibase&a=liquibase-plugin&v=1.9.5.0&e=pom, ,
liquibase-core,2.0-rc3,org.liquibase,central-proxy,https://repository.sonatype.org/service/local/artifact/maven/redirect?r=central-proxy&g=org.liquibase&a=liquibase-core&v=2.0-rc3&e=pom, ,
liquibase-core,2.0-rc4,org.liquibase,central-proxy,https://repository.sonatype.org/service/local/artifact/maven/redirect?r=central-proxy&g=org.liquibase&a=liquibase-core&v=2.0-rc4&e=pom, ,
liquibase-core,2.0-rc5,org.liquibase,central-proxy,https://repository.sonatype.org/service/local/artifact/maven/redirect?r=central-proxy&g=org.liquibase&a=liquibase-core&v=2.0-rc5&e=pom, ,
liquibase-maven-plugin,2.0-rc3,org.liquibase,central-proxy,https://repository.sonatype.org/service/local/artifact/maven/redirect?r=central-proxy&g=org.liquibase&a=liquibase-maven-plugin&v=2.0-rc3&e=pom, ,
liquibase-maven-plugin,2.0-rc4,org.liquibase,central-proxy,https://repository.sonatype.org/service/local/artifact/maven/redirect?r=central-proxy&g=org.liquibase&a=liquibase-maven-plugin&v=2.0-rc4&e=pom, ,
liquibase-maven-plugin,2.0-rc5,org.liquibase,central-proxy,https://repository.sonatype.org/service/local/artifact/maven/redirect?r=central-proxy&g=org.liquibase&a=liquibase-maven-plugin&v=2.0-rc5&e=pom, ,
liquibase-core,2.0-rc6,org.liquibase,central-proxy,https://repository.sonatype.org/service/local/artifact/maven/redirect?r=central-proxy&g=org.liquibase&a=liquibase-core&v=2.0-rc6&e=pom, ,
liquibase-maven-plugin,2.0-rc6,org.liquibase,central-proxy,https://repository.sonatype.org/service/local/artifact/maven/redirect?r=central-proxy&g=org.liquibase&a=liquibase-maven-plugin&v=2.0-rc6&e=pom, ,
liquibase-core,2.0-rc7,org.liquibase,central-proxy,https://repository.sonatype.org/service/local/artifact/maven/redirect?r=central-proxy&g=org.liquibase&a=liquibase-core&v=2.0-rc7&e=pom, ,
liquibase-maven-plugin,2.0-rc7,org.liquibase,central-proxy,https://repository.sonatype.org/service/local/artifact/maven/redirect?r=central-proxy&g=org.liquibase&a=liquibase-maven-plugin&v=2.0-rc7&e=pom, ,
liquibase-hibernate,2.0.0,org.liquibase.ext,central-proxy,https://repository.sonatype.org/service/local/artifact/maven/redirect?r=central-proxy&g=org.liquibase.ext&a=liquibase-hibernate&v=2.0.0&e=pom, ,
liquibase-mssql,1.2.0,org.liquibase.ext,central-proxy,https://repository.sonatype.org/service/local/artifact/maven/redirect?r=central-proxy&g=org.liquibase.ext&a=liquibase-mssql&v=1.2.0&e=pom, ,
liquibase-oracle,1.2.0,org.liquibase.ext,central-proxy,https://repository.sonatype.org/service/local/artifact/maven/redirect?r=central-proxy&g=org.liquibase.ext&a=liquibase-oracle&v=1.2.0&e=pom, ,
liquibase-core,2.0.0,org.liquibase,central-proxy,https://repository.sonatype.org/service/local/artifact/maven/redirect?r=central-proxy&g=org.liquibase&a=liquibase-core&v=2.0.0&e=pom, ,
liquibase-maven-plugin,2.0.0,org.liquibase,central-proxy,https://repository.sonatype.org/service/local/artifact/maven/redirect?r=central-proxy&g=org.liquibase&a=liquibase-maven-plugin&v=2.0.0&e=pom, ,
liquibase-parent,2.0.0,org.liquibase,central-proxy,https://repository.sonatype.org/service/local/artifact/maven/redirect?r=central-proxy&g=org.liquibase&a=liquibase-parent&v=2.0.0&e=pom, ,
liquibase-core,2.0.1,org.liquibase,central-proxy,https://repository.sonatype.org/service/local/artifact/maven/redirect?r=central-proxy&g=org.liquibase&a=liquibase-core&v=2.0.1&e=pom, ,
liquibase-maven-plugin,2.0.1,org.liquibase,central-proxy,https://repository.sonatype.org/service/local/artifact/maven/redirect?r=central-proxy&g=org.liquibase&a=liquibase-maven-plugin&v=2.0.1&e=pom, ,
liquibase-parent,2.0.1,org.liquibase,central-proxy,https://repository.sonatype.org/service/local/artifact/maven/redirect?r=central-proxy&g=org.liquibase&a=liquibase-parent&v=2.0.1&e=pom, ,
liquibase-core,1.3.3,org.liquibase,central-proxy,https://repository.sonatype.org/service/local/artifact/maven/redirect?r=central-proxy&g=org.liquibase&a=liquibase-core&v=1.3.3&e=pom, ,
liquibase-core,1.4.1,org.liquibase,central-proxy,https://repository.sonatype.org/service/local/artifact/maven/redirect?r=central-proxy&g=org.liquibase&a=liquibase-core&v=1.4.1&e=pom, ,
liquibase-core,1.5.1,org.liquibase,central-proxy,https://repository.sonatype.org/service/local/artifact/maven/redirect?r=central-proxy&g=org.liquibase&a=liquibase-core&v=1.5.1&e=pom, ,
liquibase-core,1.5.2,org.liquibase,central-proxy,https://repository.sonatype.org/service/local/artifact/maven/redirect?r=central-proxy&g=org.liquibase&a=liquibase-core&v=1.5.2&e=pom, ,
liquibase-core,1.7.0,org.liquibase,central-proxy,https://repository.sonatype.org/service/local/artifact/maven/redirect?r=central-proxy&g=org.liquibase&a=liquibase-core&v=1.7.0&e=pom, ,
liquibase-core,1.8.0,org.liquibase,central-proxy,https://repository.sonatype.org/service/local/artifact/maven/redirect?r=central-proxy&g=org.liquibase&a=liquibase-core&v=1.8.0&e=pom, ,
liquibase-core,1.9.0,org.liquibase,central-proxy,https://repository.sonatype.org/service/local/artifact/maven/redirect?r=central-proxy&g=org.liquibase&a=liquibase-core&v=1.9.0&e=pom, ,
liquibase-core,1.9.1,org.liquibase,central-proxy,https://repository.sonatype.org/service/local/artifact/maven/redirect?r=central-proxy&g=org.liquibase&a=liquibase-core&v=1.9.1&e=pom, ,
liquibase-core,1.9.2,org.liquibase,central-proxy,https://repository.sonatype.org/service/local/artifact/maven/redirect?r=central-proxy&g=org.liquibase&a=liquibase-core&v=1.9.2&e=pom, ,
liquibase-plugin,1.3.3.0,org.liquibase,central-proxy,https://repository.sonatype.org/service/local/artifact/maven/redirect?r=central-proxy&g=org.liquibase&a=liquibase-plugin&v=1.3.3.0&e=pom, ,
liquibase-plugin,1.4.1.0,org.liquibase,central-proxy,https://repository.sonatype.org/service/local/artifact/maven/redirect?r=central-proxy&g=org.liquibase&a=liquibase-plugin&v=1.4.1.0&e=pom, ,
liquibase-plugin,1.5.1.0,org.liquibase,central-proxy,https://repository.sonatype.org/service/local/artifact/maven/redirect?r=central-proxy&g=org.liquibase&a=liquibase-plugin&v=1.5.1.0&e=pom, ,
liquibase-plugin,1.5.2.0,org.liquibase,central-proxy,https://repository.sonatype.org/service/local/artifact/maven/redirect?r=central-proxy&g=org.liquibase&a=liquibase-plugin&v=1.5.2.0&e=pom, ,
liquibase-plugin,1.7.0.0,org.liquibase,central-proxy,https://repository.sonatype.org/service/local/artifact/maven/redirect?r=central-proxy&g=org.liquibase&a=liquibase-plugin&v=1.7.0.0&e=pom, ,
liquibase-plugin,1.8.0.0,org.liquibase,central-proxy,https://repository.sonatype.org/service/local/artifact/maven/redirect?r=central-proxy&g=org.liquibase&a=liquibase-plugin&v=1.8.0.0&e=pom, ,
liquibase-plugin,1.8.1.0,org.liquibase,central-proxy,https://repository.sonatype.org/service/local/artifact/maven/redirect?r=central-proxy&g=org.liquibase&a=liquibase-plugin&v=1.8.1.0&e=pom, ,
liquibase-plugin,1.9.0.0,org.liquibase,central-proxy,https://repository.sonatype.org/service/local/artifact/maven/redirect?r=central-proxy&g=org.liquibase&a=liquibase-plugin&v=1.9.0.0&e=pom, ,
liquibase-plugin,1.9.1.0,org.liquibase,central-proxy,https://repository.sonatype.org/service/local/artifact/maven/redirect?r=central-proxy&g=org.liquibase&a=liquibase-plugin&v=1.9.1.0&e=pom, ,
liquibase-plugin,1.9.2.0,org.liquibase,central-proxy,https://repository.sonatype.org/service/local/artifact/maven/redirect?r=central-proxy&g=org.liquibase&a=liquibase-plugin&v=1.9.2.0&e=pom, ,
liquibase-plugin,1.9.3.0,org.liquibase,central-proxy,https://repository.sonatype.org/service/local/artifact/maven/redirect?r=central-proxy&g=org.liquibase&a=liquibase-plugin&v=1.9.3.0&e=pom, ,
liquibase-core,1.9.4,org.liquibase,central-proxy,https://repository.sonatype.org/service/local/artifact/maven/redirect?r=central-proxy&g=org.liquibase&a=liquibase-core&v=1.9.4&e=pom, ,
liquibase-plugin,1.9.4.0,org.liquibase,central-proxy,https://repository.sonatype.org/service/local/artifact/maven/redirect?r=central-proxy&g=org.liquibase&a=liquibase-plugin&v=1.9.4.0&e=pom, ,
liquibase-parent,2.0-rc4,org.liquibase,central-proxy,https://repository.sonatype.org/service/local/artifact/maven/redirect?r=central-proxy&g=org.liquibase&a=liquibase-parent&v=2.0-rc4&e=pom, ,
liquibase-parent,2.0-rc5,org.liquibase,central-proxy,https://repository.sonatype.org/service/local/artifact/maven/redirect?r=central-proxy&g=org.liquibase&a=liquibase-parent&v=2.0-rc5&e=pom, ,
liquibase-parent,2.0-rc6,org.liquibase,central-proxy,https://repository.sonatype.org/service/local/artifact/maven/redirect?r=central-proxy&g=org.liquibase&a=liquibase-parent&v=2.0-rc6&e=pom, ,
liquibase-parent,2.0-rc7,org.liquibase,central-proxy,https://repository.sonatype.org/service/local/artifact/maven/redirect?r=central-proxy&g=org.liquibase&a=liquibase-parent&v=2.0-rc7&e=pom, ,
litmus,1.0-SNAPSHOT,org.sonatype.sisu.litmus,snapshots,https://repository.sonatype.org/service/local/artifact/maven/redirect?r=snapshots&g=org.sonatype.sisu.litmus&a=litmus&v=1.0-SNAPSHOT&e=pom,SCM[scm:git:git://github.com/sonatype/sisu-litmus.git;https://github.com/sonatype/sisu-litmus],
litmus-testsupport,1.0-SNAPSHOT,org.sonatype.sisu.litmus,snapshots,https://repository.sonatype.org/service/local/artifact/maven/redirect?r=snapshots&g=org.sonatype.sisu.litmus&a=litmus-testsupport&v=1.0-SNAPSHOT&e=pom, ,
littleproxy,0.4,org.littleshoot,central-proxy,https://repository.sonatype.org/service/local/artifact/maven/redirect?r=central-proxy&g=org.littleshoot&a=littleproxy&v=0.4&e=pom,SCM[scm:git:https://adamfisk@github.com/adamfisk/LittleProxy.git;https://adamfisk@github.com/adamfisk/LittleProxy.git],
lite,2.2.3,be.cyberelf.nanoxml,central-proxy,https://repository.sonatype.org/service/local/artifact/maven/redirect?r=central-proxy&g=be.cyberelf.nanoxml&a=lite&v=2.2.3&e=pom,SCM[http://nanoxml.cyberelf.be/download.html;http://nanoxml.cyberelf.be/download.html],
livetribe,1.0,org.livetribe,central-proxy,https://repository.sonatype.org/service/local/artifact/maven/redirect?r=central-proxy&g=org.livetribe&a=livetribe&v=1.0&e=pom,SCM[scm:svn:http://svn.codehaus.org/livetribe/;http://svn.livetribe.codehaus.org/],
livetribe,1.2,org.livetribe,central-proxy,https://repository.sonatype.org/service/local/artifact/maven/redirect?r=central-proxy&g=org.livetribe&a=livetribe&v=1.2&e=pom,SCM[scm:svn:http://svn.codehaus.org/livetribe/;http://svn.livetribe.codehaus.org/],
livetribe-jsr223,2.0.4,org.livetribe,central-proxy,https://repository.sonatype.org/service/local/artifact/maven/redirect?r=central-proxy&g=org.livetribe&a=livetribe-jsr223&v=2.0.4&e=pom, ,
livetribe-jsr223,2.0.5,org.livetribe,central-proxy,https://repository.sonatype.org/service/local/artifact/maven/redirect?r=central-proxy&g=org.livetribe&a=livetribe-jsr223&v=2.0.5&e=pom, ,
livetribe-slp,1.0.1,org.livetribe,central-proxy,https://repository.sonatype.org/service/local/artifact/maven/redirect?r=central-proxy&g=org.livetribe&a=livetribe-slp&v=1.0.1&e=pom,SCM[scm:svn:https://svn.codehaus.org/livetribe/garden/livetribe-slp/tags/1.0.1;https://svn.codehaus.org/livetribe/garden/livetribe-slp/tags/1.0.1],
livetribe-slp,1.0.2,org.livetribe,central-proxy,https://repository.sonatype.org/service/local/artifact/maven/redirect?r=central-proxy&g=org.livetribe&a=livetribe-slp&v=1.0.2&e=pom,SCM[scm:svn:https://svn.codehaus.org/livetribe/garden/livetribe-slp/tags/1.0.2;https://svn.codehaus.org/livetribe/garden/livetribe-slp/tags/1.0.2],
livetribe-slp,2.0.0,org.livetribe,central-proxy,https://repository.sonatype.org/service/local/artifact/maven/redirect?r=central-proxy&g=org.livetribe&a=livetribe-slp&v=2.0.0&e=pom,SCM[scm:svn:http://svn.codehaus.org/livetribe/garden/livetribe-slp/tags/livetribe-slp-2.0.0;http://svn.livetribe.codehaus.org/garden/livetribe-slp/tags/livetribe-slp-2.0.0],
livetribe-slp,2.0.1,org.livetribe,central-proxy,https://repository.sonatype.org/service/local/artifact/maven/redirect?r=central-proxy&g=org.livetribe&a=livetribe-slp&v=2.0.1&e=pom,SCM[scm:svn:http://svn.codehaus.org/livetribe/garden/livetribe-slp/tags/2.0.1;http://svn.livetribe.codehaus.org/garden/livetribe-slp/tags/2.0.1],
livetribe-jsr223,2.0.6,org.livetribe,central-proxy,https://repository.sonatype.org/service/local/artifact/maven/redirect?r=central-proxy&g=org.livetribe&a=livetribe-jsr223&v=2.0.6&e=pom, ,
livetribe-slp,2.1.0,org.livetribe.slp,central-proxy,https://repository.sonatype.org/service/local/artifact/maven/redirect?r=central-proxy&g=org.livetribe.slp&a=livetribe-slp&v=2.1.0&e=pom, ,
livetribe-slp,2.1.1,org.livetribe.slp,central-proxy,https://repository.sonatype.org/service/local/artifact/maven/redirect?r=central-proxy&g=org.livetribe.slp&a=livetribe-slp&v=2.1.1&e=pom, ,
livetribe-slp-osgi,2.1.0,org.livetribe.slp,central-proxy,https://repository.sonatype.org/service/local/artifact/maven/redirect?r=central-proxy&g=org.livetribe.slp&a=livetribe-slp-osgi&v=2.1.0&e=pom, ,
livetribe-slp-osgi,2.1.1,org.livetribe.slp,central-proxy,https://repository.sonatype.org/service/local/artifact/maven/redirect?r=central-proxy&g=org.livetribe.slp&a=livetribe-slp-osgi&v=2.1.1&e=pom, ,
livetribe-slp-osgi-tests,2.1.0,org.livetribe.slp,central-proxy,https://repository.sonatype.org/service/local/artifact/maven/redirect?r=central-proxy&g=org.livetribe.slp&a=livetribe-slp-osgi-tests&v=2.1.0&e=pom, ,
livetribe-slp-osgi-tests,2.1.1,org.livetribe.slp,central-proxy,https://repository.sonatype.org/service/local/artifact/maven/redirect?r=central-proxy&g=org.livetribe.slp&a=livetribe-slp-osgi-tests&v=2.1.1&e=pom, ,
livetribe-slp,2.1.2,org.livetribe.slp,central-proxy,https://repository.sonatype.org/service/local/artifact/maven/redirect?r=central-proxy&g=org.livetribe.slp&a=livetribe-slp&v=2.1.2&e=pom, ,
livetribe-slp-osgi,2.1.2,org.livetribe.slp,central-proxy,https://repository.sonatype.org/service/local/artifact/maven/redirect?r=central-proxy&g=org.livetribe.slp&a=livetribe-slp-osgi&v=2.1.2&e=pom, ,
livetribe-slp,2.1.3,org.livetribe.slp,central-proxy,https://repository.sonatype.org/service/local/artifact/maven/redirect?r=central-proxy&g=org.livetribe.slp&a=livetribe-slp&v=2.1.3&e=pom, ,
livetribe-slp-osgi,2.1.3,org.livetribe.slp,central-proxy,https://repository.sonatype.org/service/local/artifact/maven/redirect?r=central-proxy&g=org.livetribe.slp&a=livetribe-slp-osgi&v=2.1.3&e=pom, ,
livetribe,1.0.1,org.livetribe,central-proxy,https://repository.sonatype.org/service/local/artifact/maven/redirect?r=central-proxy&g=org.livetribe&a=livetribe&v=1.0.1&e=pom,SCM[scm:svn:http://svn.codehaus.org/livetribe/;http://svn.livetribe.codehaus.org/],
livetribe,1.1.0,org.livetribe,central-proxy,https://repository.sonatype.org/service/local/artifact/maven/redirect?r=central-proxy&g=org.livetribe&a=livetribe&v=1.1.0&e=pom,SCM[scm:svn:http://svn.codehaus.org/livetribe/;http://svn.livetribe.codehaus.org/],
livetribe,1.4.0,org.livetribe,central-proxy,https://repository.sonatype.org/service/local/artifact/maven/redirect?r=central-proxy&g=org.livetribe&a=livetribe&v=1.4.0&e=pom,SCM[scm:svn:http://svn.codehaus.org/livetribe/;http://svn.livetribe.codehaus.org/],
livetribe-jsr223,2.0.0,org.livetribe,central-proxy,https://repository.sonatype.org/service/local/artifact/maven/redirect?r=central-proxy&g=org.livetribe&a=livetribe-jsr223&v=2.0.0&e=pom, ,
livetribe-jsr223,2.0.1,org.livetribe,central-proxy,https://repository.sonatype.org/service/local/artifact/maven/redirect?r=central-proxy&g=org.livetribe&a=livetribe-jsr223&v=2.0.1&e=pom, ,
livetribe-jsr223,2.0.2,org.livetribe,central-proxy,https://repository.sonatype.org/service/local/artifact/maven/redirect?r=central-proxy&g=org.livetribe&a=livetribe-jsr223&v=2.0.2&e=pom, ,
livetribe-jsr223,2.0.3,org.livetribe,central-proxy,https://repository.sonatype.org/service/local/artifact/maven/redirect?r=central-proxy&g=org.livetribe&a=livetribe-jsr223&v=2.0.3&e=pom, ,
livetribe-util,1.0.0,org.livetribe,central-proxy,https://repository.sonatype.org/service/local/artifact/maven/redirect?r=central-proxy&g=org.livetribe&a=livetribe-util&v=1.0.0&e=pom, ,
livetribe,1.5.0,org.livetribe,central-proxy,https://repository.sonatype.org/service/local/artifact/maven/redirect?r=central-proxy&g=org.livetribe&a=livetribe&v=1.5.0&e=pom,SCM[scm:svn:http://svn.codehaus.org/livetribe/;http://svn.livetribe.codehaus.org/],
livetribe-slp-osgi-project,2.1.0,org.livetribe.slp,central-proxy,https://repository.sonatype.org/service/local/artifact/maven/redirect?r=central-proxy&g=org.livetribe.slp&a=livetribe-slp-osgi-project&v=2.1.0&e=pom, ,
livetribe-slp-osgi-project,2.1.1,org.livetribe.slp,central-proxy,https://repository.sonatype.org/service/local/artifact/maven/redirect?r=central-proxy&g=org.livetribe.slp&a=livetribe-slp-osgi-project&v=2.1.1&e=pom, ,
livetribe-slp-project,2.1.0,org.livetribe.slp,central-proxy,https://repository.sonatype.org/service/local/artifact/maven/redirect?r=central-proxy&g=org.livetribe.slp&a=livetribe-slp-project&v=2.1.0&e=pom, ,
livetribe-slp-project,2.1.1,org.livetribe.slp,central-proxy,https://repository.sonatype.org/service/local/artifact/maven/redirect?r=central-proxy&g=org.livetribe.slp&a=livetribe-slp-project&v=2.1.1&e=pom, ,
livetribe,6,org.livetribe,central-proxy,https://repository.sonatype.org/service/local/artifact/maven/redirect?r=central-proxy&g=org.livetribe&a=livetribe&v=6&e=pom,SCM[scm:svn:http://svn.codehaus.org/livetribe/garden/livetribe-root/tags/v6;http://svn.livetribe.codehaus.org/browse/livetribe/garden/livetribe-root/tags/v6],
livetribe-slp-osgi-project,2.1.2,org.livetribe.slp,central-proxy,https://repository.sonatype.org/service/local/artifact/maven/redirect?r=central-proxy&g=org.livetribe.slp&a=livetribe-slp-osgi-project&v=2.1.2&e=pom, ,
livetribe-slp-osgi-tests,2.1.2,org.livetribe.slp,central-proxy,https://repository.sonatype.org/service/local/artifact/maven/redirect?r=central-proxy&g=org.livetribe.slp&a=livetribe-slp-osgi-tests&v=2.1.2&e=pom, ,
livetribe-slp-project,2.1.2,org.livetribe.slp,central-proxy,https://repository.sonatype.org/service/local/artifact/maven/redirect?r=central-proxy&g=org.livetribe.slp&a=livetribe-slp-project&v=2.1.2&e=pom,SCM[scm:svn:http://svn.codehaus.org/livetribe/garden/livetribe-slp/tags/livetribe-slp-project-2.1.2;http://svn.livetribe.codehaus.org/browse/livetribe/garden/livetribe-slp/tags/livetribe-slp-project-2.1.2],
livetribe-slp-osgi-project,2.1.3,org.livetribe.slp,central-proxy,https://repository.sonatype.org/service/local/artifact/maven/redirect?r=central-proxy&g=org.livetribe.slp&a=livetribe-slp-osgi-project&v=2.1.3&e=pom, ,
livetribe-slp-osgi-tests,2.1.3,org.livetribe.slp,central-proxy,https://repository.sonatype.org/service/local/artifact/maven/redirect?r=central-proxy&g=org.livetribe.slp&a=livetribe-slp-osgi-tests&v=2.1.3&e=pom, ,
livetribe-slp-project,2.1.3,org.livetribe.slp,central-proxy,https://repository.sonatype.org/service/local/artifact/maven/redirect?r=central-proxy&g=org.livetribe.slp&a=livetribe-slp-project&v=2.1.3&e=pom,SCM[scm:svn:http://svn.codehaus.org/livetribe/garden/livetribe-slp/branches/2.1.x;http://svn.livetribe.codehaus.org/browse/livetribe/garden/livetribe-slp/branches/2.1.x],
llp2jlp-maven-plugin,0.0.2,info.freelibrary,central-proxy,https://repository.sonatype.org/service/local/artifact/maven/redirect?r=central-proxy&g=info.freelibrary&a=llp2jlp-maven-plugin&v=0.0.2&e=pom, ,
lni,1.7.0,org.dspace.modules,central-proxy,https://repository.sonatype.org/service/local/artifact/maven/redirect?r=central-proxy&g=org.dspace.modules&a=lni&v=1.7.0&e=pom,SCM[scm:svn:https://scm.dspace.org/svn/repo/dspace/tags/dspace-1.7.0;http://scm.dspace.org/svn/repo/dspace/tags/dspace-1.7.0/dspace/modules/lni],
lni,1.7.0-rc2,org.dspace.modules,central-proxy,https://repository.sonatype.org/service/local/artifact/maven/redirect?r=central-proxy&g=org.dspace.modules&a=lni&v=1.7.0-rc2&e=pom,SCM[scm:svn:https://scm.dspace.org/svn/repo/dspace/tags/dspace-1.7.0-rc2;http://scm.dspace.org/svn/repo/dspace/tags/dspace-1.7.0-rc2/dspace/modules/lni],
lni,1.7.1,org.dspace.modules,central-proxy,https://repository.sonatype.org/service/local/artifact/maven/redirect?r=central-proxy&g=org.dspace.modules&a=lni&v=1.7.1&e=pom,SCM[scm:svn:https://scm.dspace.org/svn/repo/dspace/tags/dspace-1.7.1;http://scm.dspace.org/svn/repo/dspace/tags/dspace-1.7.1],
lni,1.7.2,org.dspace.modules,central-proxy,https://repository.sonatype.org/service/local/artifact/maven/redirect?r=central-proxy&g=org.dspace.modules&a=lni&v=1.7.2&e=pom,SCM[scm:svn:https://scm.dspace.org/svn/repo/dspace/tags/dspace-1.7.2;http://scm.dspace.org/svn/repo/dspace/tags/dspace-1.7.2],
lni,1.8.0-rc1,org.dspace.modules,central-proxy,https://repository.sonatype.org/service/local/artifact/maven/redirect?r=central-proxy&g=org.dspace.modules&a=lni&v=1.8.0-rc1&e=pom,SCM[scm:svn:https://scm.dspace.org/svn/repo/dspace/tags/dspace-1.8.0-rc1;http://scm.dspace.org/svn/repo/dspace/tags/dspace-1.8.0-rc1/dspace/modules/lni],
loan-broker-bean-su,4.0.0,org.apache.servicemix.examples.loan-broker,central-proxy,https://repository.sonatype.org/service/local/artifact/maven/redirect?r=central-proxy&g=org.apache.servicemix.examples.loan-broker&a=loan-broker-bean-su&v=4.0.0&e=pom, ,
loan-broker-drools-su,4.0.0,org.apache.servicemix.examples.loan-broker,central-proxy,https://repository.sonatype.org/service/local/artifact/maven/redirect?r=central-proxy&g=org.apache.servicemix.examples.loan-broker&a=loan-broker-drools-su&v=4.0.0&e=pom, ,
loan-broker-jms-su,4.0.0,org.apache.servicemix.examples.loan-broker,central-proxy,https://repository.sonatype.org/service/local/artifact/maven/redirect?r=central-proxy&g=org.apache.servicemix.examples.loan-broker&a=loan-broker-jms-su&v=4.0.0&e=pom, ,
loan-broker-ode-su,4.0.0,org.apache.servicemix.examples.loan-broker,central-proxy,https://repository.sonatype.org/service/local/artifact/maven/redirect?r=central-proxy&g=org.apache.servicemix.examples.loan-broker&a=loan-broker-ode-su&v=4.0.0&e=pom, ,
loan-broker-sa,4.0.0,org.apache.servicemix.examples.loan-broker,central-proxy,https://repository.sonatype.org/service/local/artifact/maven/redirect?r=central-proxy&g=org.apache.servicemix.examples.loan-broker&a=loan-broker-sa&v=4.0.0&e=pom, ,
loan-broker-bean-su,3.2,org.apache.servicemix.samples.loan-broker,central-proxy,https://repository.sonatype.org/service/local/artifact/maven/redirect?r=central-proxy&g=org.apache.servicemix.samples.loan-broker&a=loan-broker-bean-su&v=3.2&e=pom, ,
loan-broker-bean-su,3.2.1,org.apache.servicemix.samples.loan-broker,central-proxy,https://repository.sonatype.org/service/local/artifact/maven/redirect?r=central-proxy&g=org.apache.servicemix.samples.loan-broker&a=loan-broker-bean-su&v=3.2.1&e=pom, ,
loan-broker-bean-su,3.2.2,org.apache.servicemix.samples.loan-broker,central-proxy,https://repository.sonatype.org/service/local/artifact/maven/redirect?r=central-proxy&g=org.apache.servicemix.samples.loan-broker&a=loan-broker-bean-su&v=3.2.2&e=pom, ,
loan-broker-bean-su,3.2.3,org.apache.servicemix.samples.loan-broker,central-proxy,https://repository.sonatype.org/service/local/artifact/maven/redirect?r=central-proxy&g=org.apache.servicemix.samples.loan-broker&a=loan-broker-bean-su&v=3.2.3&e=pom, ,
loan-broker-bean-su,3.3,org.apache.servicemix.samples.loan-broker,central-proxy,https://repository.sonatype.org/service/local/artifact/maven/redirect?r=central-proxy&g=org.apache.servicemix.samples.loan-broker&a=loan-broker-bean-su&v=3.3&e=pom, ,
loan-broker-drools-su,3.2,org.apache.servicemix.samples.loan-broker,central-proxy,https://repository.sonatype.org/service/local/artifact/maven/redirect?r=central-proxy&g=org.apache.servicemix.samples.loan-broker&a=loan-broker-drools-su&v=3.2&e=pom, ,
loan-broker-drools-su,3.2.1,org.apache.servicemix.samples.loan-broker,central-proxy,https://repository.sonatype.org/service/local/artifact/maven/redirect?r=central-proxy&g=org.apache.servicemix.samples.loan-broker&a=loan-broker-drools-su&v=3.2.1&e=pom, ,
loan-broker-drools-su,3.2.2,org.apache.servicemix.samples.loan-broker,central-proxy,https://repository.sonatype.org/service/local/artifact/maven/redirect?r=central-proxy&g=org.apache.servicemix.samples.loan-broker&a=loan-broker-drools-su&v=3.2.2&e=pom, ,
loan-broker-drools-su,3.2.3,org.apache.servicemix.samples.loan-broker,central-proxy,https://repository.sonatype.org/service/local/artifact/maven/redirect?r=central-proxy&g=org.apache.servicemix.samples.loan-broker&a=loan-broker-drools-su&v=3.2.3&e=pom, ,
loan-broker-drools-su,3.3,org.apache.servicemix.samples.loan-broker,central-proxy,https://repository.sonatype.org/service/local/artifact/maven/redirect?r=central-proxy&g=org.apache.servicemix.samples.loan-broker&a=loan-broker-drools-su&v=3.3&e=pom, ,
loan-broker-jms-su,3.1.2,org.apache.servicemix.samples.loan-broker,central-proxy,https://repository.sonatype.org/service/local/artifact/maven/redirect?r=central-proxy&g=org.apache.servicemix.samples.loan-broker&a=loan-broker-jms-su&v=3.1.2&e=pom, ,
loan-broker-jms-su,3.2,org.apache.servicemix.samples.loan-broker,central-proxy,https://repository.sonatype.org/service/local/artifact/maven/redirect?r=central-proxy&g=org.apache.servicemix.samples.loan-broker&a=loan-broker-jms-su&v=3.2&e=pom, ,
loan-broker-jms-su,3.2.1,org.apache.servicemix.samples.loan-broker,central-proxy,https://repository.sonatype.org/service/local/artifact/maven/redirect?r=central-proxy&g=org.apache.servicemix.samples.loan-broker&a=loan-broker-jms-su&v=3.2.1&e=pom, ,
loan-broker-jms-su,3.2.2,org.apache.servicemix.samples.loan-broker,central-proxy,https://repository.sonatype.org/service/local/artifact/maven/redirect?r=central-proxy&g=org.apache.servicemix.samples.loan-broker&a=loan-broker-jms-su&v=3.2.2&e=pom, ,
loan-broker-jms-su,3.2.3,org.apache.servicemix.samples.loan-broker,central-proxy,https://repository.sonatype.org/service/local/artifact/maven/redirect?r=central-proxy&g=org.apache.servicemix.samples.loan-broker&a=loan-broker-jms-su&v=3.2.3&e=pom, ,
loan-broker-jms-su,3.3,org.apache.servicemix.samples.loan-broker,central-proxy,https://repository.sonatype.org/service/local/artifact/maven/redirect?r=central-proxy&g=org.apache.servicemix.samples.loan-broker&a=loan-broker-jms-su&v=3.3&e=pom, ,
loan-broker-lw-su,3.1.2,org.apache.servicemix.samples.loan-broker,central-proxy,https://repository.sonatype.org/service/local/artifact/maven/redirect?r=central-proxy&g=org.apache.servicemix.samples.loan-broker&a=loan-broker-lw-su&v=3.1.2&e=pom, ,
loan-broker-ode-su,3.1.2,org.apache.servicemix.samples.loan-broker,central-proxy,https://repository.sonatype.org/service/local/artifact/maven/redirect?r=central-proxy&g=org.apache.servicemix.samples.loan-broker&a=loan-broker-ode-su&v=3.1.2&e=pom, ,
loan-broker-ode-su,3.2,org.apache.servicemix.samples.loan-broker,central-proxy,https://repository.sonatype.org/service/local/artifact/maven/redirect?r=central-proxy&g=org.apache.servicemix.samples.loan-broker&a=loan-broker-ode-su&v=3.2&e=pom, ,
loan-broker-ode-su,3.2.1,org.apache.servicemix.samples.loan-broker,central-proxy,https://repository.sonatype.org/service/local/artifact/maven/redirect?r=central-proxy&g=org.apache.servicemix.samples.loan-broker&a=loan-broker-ode-su&v=3.2.1&e=pom, ,
loan-broker-ode-su,3.2.2,org.apache.servicemix.samples.loan-broker,central-proxy,https://repository.sonatype.org/service/local/artifact/maven/redirect?r=central-proxy&g=org.apache.servicemix.samples.loan-broker&a=loan-broker-ode-su&v=3.2.2&e=pom, ,
loan-broker-ode-su,3.2.3,org.apache.servicemix.samples.loan-broker,central-proxy,https://repository.sonatype.org/service/local/artifact/maven/redirect?r=central-proxy&g=org.apache.servicemix.samples.loan-broker&a=loan-broker-ode-su&v=3.2.3&e=pom, ,
loan-broker-ode-su,3.3,org.apache.servicemix.samples.loan-broker,central-proxy,https://repository.sonatype.org/service/local/artifact/maven/redirect?r=central-proxy&g=org.apache.servicemix.samples.loan-broker&a=loan-broker-ode-su&v=3.3&e=pom, ,
loan-broker-sa,3.1.2,org.apache.servicemix.samples.loan-broker,central-proxy,https://repository.sonatype.org/service/local/artifact/maven/redirect?r=central-proxy&g=org.apache.servicemix.samples.loan-broker&a=loan-broker-sa&v=3.1.2&e=pom, ,
loan-broker-sa,3.2,org.apache.servicemix.samples.loan-broker,central-proxy,https://repository.sonatype.org/service/local/artifact/maven/redirect?r=central-proxy&g=org.apache.servicemix.samples.loan-broker&a=loan-broker-sa&v=3.2&e=pom, ,
loan-broker-sa,3.2.1,org.apache.servicemix.samples.loan-broker,central-proxy,https://repository.sonatype.org/service/local/artifact/maven/redirect?r=central-proxy&g=org.apache.servicemix.samples.loan-broker&a=loan-broker-sa&v=3.2.1&e=pom, ,
loan-broker-sa,3.2.2,org.apache.servicemix.samples.loan-broker,central-proxy,https://repository.sonatype.org/service/local/artifact/maven/redirect?r=central-proxy&g=org.apache.servicemix.samples.loan-broker&a=loan-broker-sa&v=3.2.2&e=pom, ,
loan-broker-sa,3.2.3,org.apache.servicemix.samples.loan-broker,central-proxy,https://repository.sonatype.org/service/local/artifact/maven/redirect?r=central-proxy&g=org.apache.servicemix.samples.loan-broker&a=loan-broker-sa&v=3.2.3&e=pom, ,
loan-broker-sa,3.3,org.apache.servicemix.samples.loan-broker,central-proxy,https://repository.sonatype.org/service/local/artifact/maven/redirect?r=central-proxy&g=org.apache.servicemix.samples.loan-broker&a=loan-broker-sa&v=3.3&e=pom, ,
loan-broker-bean-su,3.3.1,org.apache.servicemix.samples.loan-broker,central-proxy,https://repository.sonatype.org/service/local/artifact/maven/redirect?r=central-proxy&g=org.apache.servicemix.samples.loan-broker&a=loan-broker-bean-su&v=3.3.1&e=pom, ,
loan-broker-drools-su,3.3.1,org.apache.servicemix.samples.loan-broker,central-proxy,https://repository.sonatype.org/service/local/artifact/maven/redirect?r=central-proxy&g=org.apache.servicemix.samples.loan-broker&a=loan-broker-drools-su&v=3.3.1&e=pom, ,
loan-broker-jms-su,3.3.1,org.apache.servicemix.samples.loan-broker,central-proxy,https://repository.sonatype.org/service/local/artifact/maven/redirect?r=central-proxy&g=org.apache.servicemix.samples.loan-broker&a=loan-broker-jms-su&v=3.3.1&e=pom, ,
loan-broker-ode-su,3.3.1,org.apache.servicemix.samples.loan-broker,central-proxy,https://repository.sonatype.org/service/local/artifact/maven/redirect?r=central-proxy&g=org.apache.servicemix.samples.loan-broker&a=loan-broker-ode-su&v=3.3.1&e=pom, ,
loan-broker-sa,3.3.1,org.apache.servicemix.samples.loan-broker,central-proxy,https://repository.sonatype.org/service/local/artifact/maven/redirect?r=central-proxy&g=org.apache.servicemix.samples.loan-broker&a=loan-broker-sa&v=3.3.1&e=pom, ,
loan-broker-bean-su,3.3.2,org.apache.servicemix.samples.loan-broker,central-proxy,https://repository.sonatype.org/service/local/artifact/maven/redirect?r=central-proxy&g=org.apache.servicemix.samples.loan-broker&a=loan-broker-bean-su&v=3.3.2&e=pom, ,
loan-broker-drools-su,3.3.2,org.apache.servicemix.samples.loan-broker,central-proxy,https://repository.sonatype.org/service/local/artifact/maven/redirect?r=central-proxy&g=org.apache.servicemix.samples.loan-broker&a=loan-broker-drools-su&v=3.3.2&e=pom, ,
loan-broker-jms-su,3.3.2,org.apache.servicemix.samples.loan-broker,central-proxy,https://repository.sonatype.org/service/local/artifact/maven/redirect?r=central-proxy&g=org.apache.servicemix.samples.loan-broker&a=loan-broker-jms-su&v=3.3.2&e=pom, ,
loan-broker-ode-su,3.3.2,org.apache.servicemix.samples.loan-broker,central-proxy,https://repository.sonatype.org/service/local/artifact/maven/redirect?r=central-proxy&g=org.apache.servicemix.samples.loan-broker&a=loan-broker-ode-su&v=3.3.2&e=pom, ,
loan-broker-sa,3.3.2,org.apache.servicemix.samples.loan-broker,central-proxy,https://repository.sonatype.org/service/local/artifact/maven/redirect?r=central-proxy&g=org.apache.servicemix.samples.loan-broker&a=loan-broker-sa&v=3.3.2&e=pom, ,
loan-broker-bean-su,4.2.0,org.apache.servicemix.examples.loan-broker,central-proxy,https://repository.sonatype.org/service/local/artifact/maven/redirect?r=central-proxy&g=org.apache.servicemix.examples.loan-broker&a=loan-broker-bean-su&v=4.2.0&e=pom, ,
loan-broker-drools-su,4.2.0,org.apache.servicemix.examples.loan-broker,central-proxy,https://repository.sonatype.org/service/local/artifact/maven/redirect?r=central-proxy&g=org.apache.servicemix.examples.loan-broker&a=loan-broker-drools-su&v=4.2.0&e=pom, ,
loan-broker-jms-client,4.2.0,org.apache.servicemix.examples.loan-broker,central-proxy,https://repository.sonatype.org/service/local/artifact/maven/redirect?r=central-proxy&g=org.apache.servicemix.examples.loan-broker&a=loan-broker-jms-client&v=4.2.0&e=pom, ,
loan-broker-jms-su,4.2.0,org.apache.servicemix.examples.loan-broker,central-proxy,https://repository.sonatype.org/service/local/artifact/maven/redirect?r=central-proxy&g=org.apache.servicemix.examples.loan-broker&a=loan-broker-jms-su&v=4.2.0&e=pom, ,
loan-broker-ode-su,4.2.0,org.apache.servicemix.examples.loan-broker,central-proxy,https://repository.sonatype.org/service/local/artifact/maven/redirect?r=central-proxy&g=org.apache.servicemix.examples.loan-broker&a=loan-broker-ode-su&v=4.2.0&e=pom, ,
loan-broker-sa,4.2.0,org.apache.servicemix.examples.loan-broker,central-proxy,https://repository.sonatype.org/service/local/artifact/maven/redirect?r=central-proxy&g=org.apache.servicemix.examples.loan-broker&a=loan-broker-sa&v=4.2.0&e=pom, ,
loan-broker-bean-su,4.3.0,org.apache.servicemix.examples.loan-broker,central-proxy,https://repository.sonatype.org/service/local/artifact/maven/redirect?r=central-proxy&g=org.apache.servicemix.examples.loan-broker&a=loan-broker-bean-su&v=4.3.0&e=pom, ,
loan-broker-drools-su,4.3.0,org.apache.servicemix.examples.loan-broker,central-proxy,https://repository.sonatype.org/service/local/artifact/maven/redirect?r=central-proxy&g=org.apache.servicemix.examples.loan-broker&a=loan-broker-drools-su&v=4.3.0&e=pom, ,
loan-broker-jms-client,4.3.0,org.apache.servicemix.examples.loan-broker,central-proxy,https://repository.sonatype.org/service/local/artifact/maven/redirect?r=central-proxy&g=org.apache.servicemix.examples.loan-broker&a=loan-broker-jms-client&v=4.3.0&e=pom, ,
loan-broker-jms-su,4.3.0,org.apache.servicemix.examples.loan-broker,central-proxy,https://repository.sonatype.org/service/local/artifact/maven/redirect?r=central-proxy&g=org.apache.servicemix.examples.loan-broker&a=loan-broker-jms-su&v=4.3.0&e=pom, ,
loan-broker-ode-su,4.3.0,org.apache.servicemix.examples.loan-broker,central-proxy,https://repository.sonatype.org/service/local/artifact/maven/redirect?r=central-proxy&g=org.apache.servicemix.examples.loan-broker&a=loan-broker-ode-su&v=4.3.0&e=pom, ,
loan-broker-sa,4.3.0,org.apache.servicemix.examples.loan-broker,central-proxy,https://repository.sonatype.org/service/local/artifact/maven/redirect?r=central-proxy&g=org.apache.servicemix.examples.loan-broker&a=loan-broker-sa&v=4.3.0&e=pom, ,
load-balancer,3.1.1,org.glassfish.loadbalancer,central-proxy,https://repository.sonatype.org/service/local/artifact/maven/redirect?r=central-proxy&g=org.glassfish.loadbalancer&a=load-balancer&v=3.1.1&e=pom, ,
load-balancer-admin,3.1,org.glassfish.loadbalancer,central-proxy,https://repository.sonatype.org/service/local/artifact/maven/redirect?r=central-proxy&g=org.glassfish.loadbalancer&a=load-balancer-admin&v=3.1&e=pom, ,
load-balancer-admin,3.1-b11,org.glassfish.loadbalancer,central-proxy,https://repository.sonatype.org/service/local/artifact/maven/redirect?r=central-proxy&g=org.glassfish.loadbalancer&a=load-balancer-admin&v=3.1-b11&e=pom, ,
load-balancer-admin,3.1-b12,org.glassfish.loadbalancer,central-proxy,https://repository.sonatype.org/service/local/artifact/maven/redirect?r=central-proxy&g=org.glassfish.loadbalancer&a=load-balancer-admin&v=3.1-b12&e=pom, ,
load-balancer-admin,3.1-b13,org.glassfish.loadbalancer,central-proxy,https://repository.sonatype.org/service/local/artifact/maven/redirect?r=central-proxy&g=org.glassfish.loadbalancer&a=load-balancer-admin&v=3.1-b13&e=pom, ,
load-balancer-admin,3.1-b14,org.glassfish.loadbalancer,central-proxy,https://repository.sonatype.org/service/local/artifact/maven/redirect?r=central-proxy&g=org.glassfish.loadbalancer&a=load-balancer-admin&v=3.1-b14&e=pom, ,
load-balancer-admin,3.1-b15,org.glassfish.loadbalancer,central-proxy,https://repository.sonatype.org/service/local/artifact/maven/redirect?r=central-proxy&g=org.glassfish.loadbalancer&a=load-balancer-admin&v=3.1-b15&e=pom, ,
load-balancer-admin,3.1-b16,org.glassfish.loadbalancer,central-proxy,https://repository.sonatype.org/service/local/artifact/maven/redirect?r=central-proxy&g=org.glassfish.loadbalancer&a=load-balancer-admin&v=3.1-b16&e=pom, ,
load-balancer-admin,3.1-b17,org.glassfish.loadbalancer,central-proxy,https://repository.sonatype.org/service/local/artifact/maven/redirect?r=central-proxy&g=org.glassfish.loadbalancer&a=load-balancer-admin&v=3.1-b17&e=pom, ,
load-balancer-admin,3.1-b18,org.glassfish.loadbalancer,central-proxy,https://repository.sonatype.org/service/local/artifact/maven/redirect?r=central-proxy&g=org.glassfish.loadbalancer&a=load-balancer-admin&v=3.1-b18&e=pom, ,
load-balancer-admin,3.1-b19,org.glassfish.loadbalancer,central-proxy,https://repository.sonatype.org/service/local/artifact/maven/redirect?r=central-proxy&g=org.glassfish.loadbalancer&a=load-balancer-admin&v=3.1-b19&e=pom, ,
load-balancer-admin,3.1-b20,org.glassfish.loadbalancer,central-proxy,https://repository.sonatype.org/service/local/artifact/maven/redirect?r=central-proxy&g=org.glassfish.loadbalancer&a=load-balancer-admin&v=3.1-b20&e=pom, ,
load-balancer-admin,3.1-b21,org.glassfish.loadbalancer,central-proxy,https://repository.sonatype.org/service/local/artifact/maven/redirect?r=central-proxy&g=org.glassfish.loadbalancer&a=load-balancer-admin&v=3.1-b21&e=pom, ,
load-balancer-admin,3.1-b22,org.glassfish.loadbalancer,central-proxy,https://repository.sonatype.org/service/local/artifact/maven/redirect?r=central-proxy&g=org.glassfish.loadbalancer&a=load-balancer-admin&v=3.1-b22&e=pom, ,
load-balancer-admin,3.1-b23,org.glassfish.loadbalancer,central-proxy,https://repository.sonatype.org/service/local/artifact/maven/redirect?r=central-proxy&g=org.glassfish.loadbalancer&a=load-balancer-admin&v=3.1-b23&e=pom, ,
load-balancer-admin,3.1-b24,org.glassfish.loadbalancer,central-proxy,https://repository.sonatype.org/service/local/artifact/maven/redirect?r=central-proxy&g=org.glassfish.loadbalancer&a=load-balancer-admin&v=3.1-b24&e=pom, ,
load-balancer-admin,3.1-b25,org.glassfish.loadbalancer,central-proxy,https://repository.sonatype.org/service/local/artifact/maven/redirect?r=central-proxy&g=org.glassfish.loadbalancer&a=load-balancer-admin&v=3.1-b25&e=pom, ,
load-balancer-admin,3.1-b26,org.glassfish.loadbalancer,central-proxy,https://repository.sonatype.org/service/local/artifact/maven/redirect?r=central-proxy&g=org.glassfish.loadbalancer&a=load-balancer-admin&v=3.1-b26&e=pom, ,
load-balancer-admin,3.1-b27,org.glassfish.loadbalancer,central-proxy,https://repository.sonatype.org/service/local/artifact/maven/redirect?r=central-proxy&g=org.glassfish.loadbalancer&a=load-balancer-admin&v=3.1-b27&e=pom, ,
load-balancer-admin,3.1-b28,org.glassfish.loadbalancer,central-proxy,https://repository.sonatype.org/service/local/artifact/maven/redirect?r=central-proxy&g=org.glassfish.loadbalancer&a=load-balancer-admin&v=3.1-b28&e=pom, ,
load-balancer-admin,3.1-b30,org.glassfish.loadbalancer,central-proxy,https://repository.sonatype.org/service/local/artifact/maven/redirect?r=central-proxy&g=org.glassfish.loadbalancer&a=load-balancer-admin&v=3.1-b30&e=pom, ,
load-balancer-admin,3.1-b31,org.glassfish.loadbalancer,central-proxy,https://repository.sonatype.org/service/local/artifact/maven/redirect?r=central-proxy&g=org.glassfish.loadbalancer&a=load-balancer-admin&v=3.1-b31&e=pom, ,
load-balancer-admin,3.1-b32,org.glassfish.loadbalancer,central-proxy,https://repository.sonatype.org/service/local/artifact/maven/redirect?r=central-proxy&g=org.glassfish.loadbalancer&a=load-balancer-admin&v=3.1-b32&e=pom, ,
load-balancer-admin,3.1-b33,org.glassfish.loadbalancer,central-proxy,https://repository.sonatype.org/service/local/artifact/maven/redirect?r=central-proxy&g=org.glassfish.loadbalancer&a=load-balancer-admin&v=3.1-b33&e=pom, ,
load-balancer-admin,3.1-b34,org.glassfish.loadbalancer,central-proxy,https://repository.sonatype.org/service/local/artifact/maven/redirect?r=central-proxy&g=org.glassfish.loadbalancer&a=load-balancer-admin&v=3.1-b34&e=pom, ,
load-balancer-admin,3.1-b35,org.glassfish.loadbalancer,central-proxy,https://repository.sonatype.org/service/local/artifact/maven/redirect?r=central-proxy&g=org.glassfish.loadbalancer&a=load-balancer-admin&v=3.1-b35&e=pom, ,
load-balancer-admin,3.1-b36,org.glassfish.loadbalancer,central-proxy,https://repository.sonatype.org/service/local/artifact/maven/redirect?r=central-proxy&g=org.glassfish.loadbalancer&a=load-balancer-admin&v=3.1-b36&e=pom, ,
load-balancer-admin,3.1-b37,org.glassfish.loadbalancer,central-proxy,https://repository.sonatype.org/service/local/artifact/maven/redirect?r=central-proxy&g=org.glassfish.loadbalancer&a=load-balancer-admin&v=3.1-b37&e=pom, ,
load-balancer-admin,3.1-b38,org.glassfish.loadbalancer,central-proxy,https://repository.sonatype.org/service/local/artifact/maven/redirect?r=central-proxy&g=org.glassfish.loadbalancer&a=load-balancer-admin&v=3.1-b38&e=pom, ,
load-balancer-admin,3.1-b39,org.glassfish.loadbalancer,central-proxy,https://repository.sonatype.org/service/local/artifact/maven/redirect?r=central-proxy&g=org.glassfish.loadbalancer&a=load-balancer-admin&v=3.1-b39&e=pom, ,
load-balancer-admin,3.1-b40,org.glassfish.loadbalancer,central-proxy,https://repository.sonatype.org/service/local/artifact/maven/redirect?r=central-proxy&g=org.glassfish.loadbalancer&a=load-balancer-admin&v=3.1-b40&e=pom, ,
load-balancer-admin,3.1-b41,org.glassfish.loadbalancer,central-proxy,https://repository.sonatype.org/service/local/artifact/maven/redirect?r=central-proxy&g=org.glassfish.loadbalancer&a=load-balancer-admin&v=3.1-b41&e=pom, ,
load-balancer-admin,3.1.1,org.glassfish.loadbalancer,central-proxy,https://repository.sonatype.org/service/local/artifact/maven/redirect?r=central-proxy&g=org.glassfish.loadbalancer&a=load-balancer-admin&v=3.1.1&e=pom, ,
load-balancer-admin,3.1.1-b01,org.glassfish.loadbalancer,central-proxy,https://repository.sonatype.org/service/local/artifact/maven/redirect?r=central-proxy&g=org.glassfish.loadbalancer&a=load-balancer-admin&v=3.1.1-b01&e=pom, ,
load-balancer-admin,3.1.1-b02,org.glassfish.loadbalancer,central-proxy,https://repository.sonatype.org/service/local/artifact/maven/redirect?r=central-proxy&g=org.glassfish.loadbalancer&a=load-balancer-admin&v=3.1.1-b02&e=pom, ,
load-balancer-admin,3.1.1-b03,org.glassfish.loadbalancer,central-proxy,https://repository.sonatype.org/service/local/artifact/maven/redirect?r=central-proxy&g=org.glassfish.loadbalancer&a=load-balancer-admin&v=3.1.1-b03&e=pom, ,
load-balancer-admin,3.1.1-b04,org.glassfish.loadbalancer,central-proxy,https://repository.sonatype.org/service/local/artifact/maven/redirect?r=central-proxy&g=org.glassfish.loadbalancer&a=load-balancer-admin&v=3.1.1-b04&e=pom, ,
load-balancer-admin,3.1.1-b05,org.glassfish.loadbalancer,central-proxy,https://repository.sonatype.org/service/local/artifact/maven/redirect?r=central-proxy&g=org.glassfish.loadbalancer&a=load-balancer-admin&v=3.1.1-b05&e=pom, ,
load-balancer-admin,3.1.1-b06,org.glassfish.loadbalancer,central-proxy,https://repository.sonatype.org/service/local/artifact/maven/redirect?r=central-proxy&g=org.glassfish.loadbalancer&a=load-balancer-admin&v=3.1.1-b06&e=pom, ,
load-balancer-admin,3.1.1-b07,org.glassfish.loadbalancer,central-proxy,https://repository.sonatype.org/service/local/artifact/maven/redirect?r=central-proxy&g=org.glassfish.loadbalancer&a=load-balancer-admin&v=3.1.1-b07&e=pom, ,
load-balancer-admin,3.1.1-b08,org.glassfish.loadbalancer,central-proxy,https://repository.sonatype.org/service/local/artifact/maven/redirect?r=central-proxy&g=org.glassfish.loadbalancer&a=load-balancer-admin&v=3.1.1-b08&e=pom, ,
load-balancer-admin,3.1.1-b09,org.glassfish.loadbalancer,central-proxy,https://repository.sonatype.org/service/local/artifact/maven/redirect?r=central-proxy&g=org.glassfish.loadbalancer&a=load-balancer-admin&v=3.1.1-b09&e=pom, ,
load-balancer-admin,3.1.1-b10,org.glassfish.loadbalancer,central-proxy,https://repository.sonatype.org/service/local/artifact/maven/redirect?r=central-proxy&g=org.glassfish.loadbalancer&a=load-balancer-admin&v=3.1.1-b10&e=pom, ,
load-balancer-admin,3.1.1-b11,org.glassfish.loadbalancer,central-proxy,https://repository.sonatype.org/service/local/artifact/maven/redirect?r=central-proxy&g=org.glassfish.loadbalancer&a=load-balancer-admin&v=3.1.1-b11&e=pom, ,
load-balancer-admin,3.2-b01,org.glassfish.loadbalancer,central-proxy,https://repository.sonatype.org/service/local/artifact/maven/redirect?r=central-proxy&g=org.glassfish.loadbalancer&a=load-balancer-admin&v=3.2-b01&e=pom, ,
load-balancer-admin,3.2-b02,org.glassfish.loadbalancer,central-proxy,https://repository.sonatype.org/service/local/artifact/maven/redirect?r=central-proxy&g=org.glassfish.loadbalancer&a=load-balancer-admin&v=3.2-b02&e=pom, ,
load-balancer-admin,3.2-b03,org.glassfish.loadbalancer,central-proxy,https://repository.sonatype.org/service/local/artifact/maven/redirect?r=central-proxy&g=org.glassfish.loadbalancer&a=load-balancer-admin&v=3.2-b03&e=pom, ,
load-balancer-admin,3.2-b04,org.glassfish.loadbalancer,central-proxy,https://repository.sonatype.org/service/local/artifact/maven/redirect?r=central-proxy&g=org.glassfish.loadbalancer&a=load-balancer-admin&v=3.2-b04&e=pom, ,
load-balancer-admin,3.2-b05,org.glassfish.loadbalancer,central-proxy,https://repository.sonatype.org/service/local/artifact/maven/redirect?r=central-proxy&g=org.glassfish.loadbalancer&a=load-balancer-admin&v=3.2-b05&e=pom, ,
load-balancer-admin,3.2-b06,org.glassfish.loadbalancer,central-proxy,https://repository.sonatype.org/service/local/artifact/maven/redirect?r=central-proxy&g=org.glassfish.loadbalancer&a=load-balancer-admin&v=3.2-b06&e=pom, ,
loader-parent,1.1,org.objectweb.think.minus.applications.loader,central-proxy,https://repository.sonatype.org/service/local/artifact/maven/redirect?r=central-proxy&g=org.objectweb.think.minus.applications.loader&a=loader-parent&v=1.1&e=pom, ,
loader-parent,1.1-alpha-5,org.objectweb.think.minus.applications.loader,central-proxy,https://repository.sonatype.org/service/local/artifact/maven/redirect?r=central-proxy&g=org.objectweb.think.minus.applications.loader&a=loader-parent&v=1.1-alpha-5&e=pom, ,
load-balancer,3.1,org.glassfish.loadbalancer,central-proxy,https://repository.sonatype.org/service/local/artifact/maven/redirect?r=central-proxy&g=org.glassfish.loadbalancer&a=load-balancer&v=3.1&e=pom, ,
load-balancer,3.1-b11,org.glassfish.loadbalancer,central-proxy,https://repository.sonatype.org/service/local/artifact/maven/redirect?r=central-proxy&g=org.glassfish.loadbalancer&a=load-balancer&v=3.1-b11&e=pom, ,
load-balancer,3.1-b12,org.glassfish.loadbalancer,central-proxy,https://repository.sonatype.org/service/local/artifact/maven/redirect?r=central-proxy&g=org.glassfish.loadbalancer&a=load-balancer&v=3.1-b12&e=pom, ,
load-balancer,3.1-b13,org.glassfish.loadbalancer,central-proxy,https://repository.sonatype.org/service/local/artifact/maven/redirect?r=central-proxy&g=org.glassfish.loadbalancer&a=load-balancer&v=3.1-b13&e=pom, ,
load-balancer,3.1-b14,org.glassfish.loadbalancer,central-proxy,https://repository.sonatype.org/service/local/artifact/maven/redirect?r=central-proxy&g=org.glassfish.loadbalancer&a=load-balancer&v=3.1-b14&e=pom, ,
load-balancer,3.1-b15,org.glassfish.loadbalancer,central-proxy,https://repository.sonatype.org/service/local/artifact/maven/redirect?r=central-proxy&g=org.glassfish.loadbalancer&a=load-balancer&v=3.1-b15&e=pom, ,
load-balancer,3.1-b16,org.glassfish.loadbalancer,central-proxy,https://repository.sonatype.org/service/local/artifact/maven/redirect?r=central-proxy&g=org.glassfish.loadbalancer&a=load-balancer&v=3.1-b16&e=pom, ,
load-balancer,3.1-b17,org.glassfish.loadbalancer,central-proxy,https://repository.sonatype.org/service/local/artifact/maven/redirect?r=central-proxy&g=org.glassfish.loadbalancer&a=load-balancer&v=3.1-b17&e=pom, ,
load-balancer,3.1-b18,org.glassfish.loadbalancer,central-proxy,https://repository.sonatype.org/service/local/artifact/maven/redirect?r=central-proxy&g=org.glassfish.loadbalancer&a=load-balancer&v=3.1-b18&e=pom, ,
load-balancer,3.1-b19,org.glassfish.loadbalancer,central-proxy,https://repository.sonatype.org/service/local/artifact/maven/redirect?r=central-proxy&g=org.glassfish.loadbalancer&a=load-balancer&v=3.1-b19&e=pom, ,
load-balancer,3.1-b20,org.glassfish.loadbalancer,central-proxy,https://repository.sonatype.org/service/local/artifact/maven/redirect?r=central-proxy&g=org.glassfish.loadbalancer&a=load-balancer&v=3.1-b20&e=pom, ,
load-balancer,3.1-b21,org.glassfish.loadbalancer,central-proxy,https://repository.sonatype.org/service/local/artifact/maven/redirect?r=central-proxy&g=org.glassfish.loadbalancer&a=load-balancer&v=3.1-b21&e=pom, ,
load-balancer,3.1-b22,org.glassfish.loadbalancer,central-proxy,https://repository.sonatype.org/service/local/artifact/maven/redirect?r=central-proxy&g=org.glassfish.loadbalancer&a=load-balancer&v=3.1-b22&e=pom, ,
load-balancer,3.1-b23,org.glassfish.loadbalancer,central-proxy,https://repository.sonatype.org/service/local/artifact/maven/redirect?r=central-proxy&g=org.glassfish.loadbalancer&a=load-balancer&v=3.1-b23&e=pom, ,
load-balancer,3.1-b24,org.glassfish.loadbalancer,central-proxy,https://repository.sonatype.org/service/local/artifact/maven/redirect?r=central-proxy&g=org.glassfish.loadbalancer&a=load-balancer&v=3.1-b24&e=pom, ,
load-balancer,3.1-b25,org.glassfish.loadbalancer,central-proxy,https://repository.sonatype.org/service/local/artifact/maven/redirect?r=central-proxy&g=org.glassfish.loadbalancer&a=load-balancer&v=3.1-b25&e=pom, ,
load-balancer,3.1-b26,org.glassfish.loadbalancer,central-proxy,https://repository.sonatype.org/service/local/artifact/maven/redirect?r=central-proxy&g=org.glassfish.loadbalancer&a=load-balancer&v=3.1-b26&e=pom, ,
load-balancer,3.1-b27,org.glassfish.loadbalancer,central-proxy,https://repository.sonatype.org/service/local/artifact/maven/redirect?r=central-proxy&g=org.glassfish.loadbalancer&a=load-balancer&v=3.1-b27&e=pom, ,
load-balancer,3.1-b28,org.glassfish.loadbalancer,central-proxy,https://repository.sonatype.org/service/local/artifact/maven/redirect?r=central-proxy&g=org.glassfish.loadbalancer&a=load-balancer&v=3.1-b28&e=pom, ,
load-balancer,3.1-b30,org.glassfish.loadbalancer,central-proxy,https://repository.sonatype.org/service/local/artifact/maven/redirect?r=central-proxy&g=org.glassfish.loadbalancer&a=load-balancer&v=3.1-b30&e=pom, ,
load-balancer,3.1-b31,org.glassfish.loadbalancer,central-proxy,https://repository.sonatype.org/service/local/artifact/maven/redirect?r=central-proxy&g=org.glassfish.loadbalancer&a=load-balancer&v=3.1-b31&e=pom, ,
load-balancer,3.1-b32,org.glassfish.loadbalancer,central-proxy,https://repository.sonatype.org/service/local/artifact/maven/redirect?r=central-proxy&g=org.glassfish.loadbalancer&a=load-balancer&v=3.1-b32&e=pom, ,
load-balancer,3.1-b33,org.glassfish.loadbalancer,central-proxy,https://repository.sonatype.org/service/local/artifact/maven/redirect?r=central-proxy&g=org.glassfish.loadbalancer&a=load-balancer&v=3.1-b33&e=pom, ,
load-balancer,3.1-b34,org.glassfish.loadbalancer,central-proxy,https://repository.sonatype.org/service/local/artifact/maven/redirect?r=central-proxy&g=org.glassfish.loadbalancer&a=load-balancer&v=3.1-b34&e=pom, ,
load-balancer,3.1-b35,org.glassfish.loadbalancer,central-proxy,https://repository.sonatype.org/service/local/artifact/maven/redirect?r=central-proxy&g=org.glassfish.loadbalancer&a=load-balancer&v=3.1-b35&e=pom, ,
load-balancer,3.1-b36,org.glassfish.loadbalancer,central-proxy,https://repository.sonatype.org/service/local/artifact/maven/redirect?r=central-proxy&g=org.glassfish.loadbalancer&a=load-balancer&v=3.1-b36&e=pom, ,
load-balancer,3.1-b37,org.glassfish.loadbalancer,central-proxy,https://repository.sonatype.org/service/local/artifact/maven/redirect?r=central-proxy&g=org.glassfish.loadbalancer&a=load-balancer&v=3.1-b37&e=pom, ,
load-balancer,3.1-b38,org.glassfish.loadbalancer,central-proxy,https://repository.sonatype.org/service/local/artifact/maven/redirect?r=central-proxy&g=org.glassfish.loadbalancer&a=load-balancer&v=3.1-b38&e=pom, ,
load-balancer,3.1-b39,org.glassfish.loadbalancer,central-proxy,https://repository.sonatype.org/service/local/artifact/maven/redirect?r=central-proxy&g=org.glassfish.loadbalancer&a=load-balancer&v=3.1-b39&e=pom, ,
load-balancer,3.1-b40,org.glassfish.loadbalancer,central-proxy,https://repository.sonatype.org/service/local/artifact/maven/redirect?r=central-proxy&g=org.glassfish.loadbalancer&a=load-balancer&v=3.1-b40&e=pom, ,
load-balancer,3.1-b41,org.glassfish.loadbalancer,central-proxy,https://repository.sonatype.org/service/local/artifact/maven/redirect?r=central-proxy&g=org.glassfish.loadbalancer&a=load-balancer&v=3.1-b41&e=pom, ,
load-balancer,3.1.1-b01,org.glassfish.loadbalancer,central-proxy,https://repository.sonatype.org/service/local/artifact/maven/redirect?r=central-proxy&g=org.glassfish.loadbalancer&a=load-balancer&v=3.1.1-b01&e=pom, ,
load-balancer,3.1.1-b02,org.glassfish.loadbalancer,central-proxy,https://repository.sonatype.org/service/local/artifact/maven/redirect?r=central-proxy&g=org.glassfish.loadbalancer&a=load-balancer&v=3.1.1-b02&e=pom, ,
load-balancer,3.1.1-b03,org.glassfish.loadbalancer,central-proxy,https://repository.sonatype.org/service/local/artifact/maven/redirect?r=central-proxy&g=org.glassfish.loadbalancer&a=load-balancer&v=3.1.1-b03&e=pom, ,
load-balancer,3.1.1-b04,org.glassfish.loadbalancer,central-proxy,https://repository.sonatype.org/service/local/artifact/maven/redirect?r=central-proxy&g=org.glassfish.loadbalancer&a=load-balancer&v=3.1.1-b04&e=pom, ,
load-balancer,3.1.1-b05,org.glassfish.loadbalancer,central-proxy,https://repository.sonatype.org/service/local/artifact/maven/redirect?r=central-proxy&g=org.glassfish.loadbalancer&a=load-balancer&v=3.1.1-b05&e=pom, ,
load-balancer,3.1.1-b06,org.glassfish.loadbalancer,central-proxy,https://repository.sonatype.org/service/local/artifact/maven/redirect?r=central-proxy&g=org.glassfish.loadbalancer&a=load-balancer&v=3.1.1-b06&e=pom, ,
load-balancer,3.1.1-b07,org.glassfish.loadbalancer,central-proxy,https://repository.sonatype.org/service/local/artifact/maven/redirect?r=central-proxy&g=org.glassfish.loadbalancer&a=load-balancer&v=3.1.1-b07&e=pom, ,
load-balancer,3.1.1-b08,org.glassfish.loadbalancer,central-proxy,https://repository.sonatype.org/service/local/artifact/maven/redirect?r=central-proxy&g=org.glassfish.loadbalancer&a=load-balancer&v=3.1.1-b08&e=pom, ,
load-balancer,3.1.1-b09,org.glassfish.loadbalancer,central-proxy,https://repository.sonatype.org/service/local/artifact/maven/redirect?r=central-proxy&g=org.glassfish.loadbalancer&a=load-balancer&v=3.1.1-b09&e=pom, ,
load-balancer,3.1.1-b10,org.glassfish.loadbalancer,central-proxy,https://repository.sonatype.org/service/local/artifact/maven/redirect?r=central-proxy&g=org.glassfish.loadbalancer&a=load-balancer&v=3.1.1-b10&e=pom, ,
load-balancer,3.1.1-b11,org.glassfish.loadbalancer,central-proxy,https://repository.sonatype.org/service/local/artifact/maven/redirect?r=central-proxy&g=org.glassfish.loadbalancer&a=load-balancer&v=3.1.1-b11&e=pom, ,
load-balancer,3.2-b01,org.glassfish.loadbalancer,central-proxy,https://repository.sonatype.org/service/local/artifact/maven/redirect?r=central-proxy&g=org.glassfish.loadbalancer&a=load-balancer&v=3.2-b01&e=pom, ,
load-balancer,3.2-b02,org.glassfish.loadbalancer,central-proxy,https://repository.sonatype.org/service/local/artifact/maven/redirect?r=central-proxy&g=org.glassfish.loadbalancer&a=load-balancer&v=3.2-b02&e=pom, ,
load-balancer,3.2-b03,org.glassfish.loadbalancer,central-proxy,https://repository.sonatype.org/service/local/artifact/maven/redirect?r=central-proxy&g=org.glassfish.loadbalancer&a=load-balancer&v=3.2-b03&e=pom, ,
load-balancer,3.2-b04,org.glassfish.loadbalancer,central-proxy,https://repository.sonatype.org/service/local/artifact/maven/redirect?r=central-proxy&g=org.glassfish.loadbalancer&a=load-balancer&v=3.2-b04&e=pom, ,
load-balancer,3.2-b05,org.glassfish.loadbalancer,central-proxy,https://repository.sonatype.org/service/local/artifact/maven/redirect?r=central-proxy&g=org.glassfish.loadbalancer&a=load-balancer&v=3.2-b05&e=pom, ,
load-balancer,3.2-b06,org.glassfish.loadbalancer,central-proxy,https://repository.sonatype.org/service/local/artifact/maven/redirect?r=central-proxy&g=org.glassfish.loadbalancer&a=load-balancer&v=3.2-b06&e=pom, ,
loan-broker-sa,4.4.0-SNAPSHOT,org.apache.servicemix.examples.loan-broker,apache-snapshots,https://repository.sonatype.org/service/local/artifact/maven/redirect?r=apache-snapshots&g=org.apache.servicemix.examples.loan-broker&a=loan-broker-sa&v=4.4.0-SNAPSHOT&e=pom, ,
loan-broker-sa,4.3.0-SNAPSHOT,org.apache.servicemix.examples.loan-broker,apache-snapshots,https://repository.sonatype.org/service/local/artifact/maven/redirect?r=apache-snapshots&g=org.apache.servicemix.examples.loan-broker&a=loan-broker-sa&v=4.3.0-SNAPSHOT&e=pom, ,
loan-broker-ode-su,4.4.0-SNAPSHOT,org.apache.servicemix.examples.loan-broker,apache-snapshots,https://repository.sonatype.org/service/local/artifact/maven/redirect?r=apache-snapshots&g=org.apache.servicemix.examples.loan-broker&a=loan-broker-ode-su&v=4.4.0-SNAPSHOT&e=pom, ,
loan-broker-ode-su,4.3.0-SNAPSHOT,org.apache.servicemix.examples.loan-broker,apache-snapshots,https://repository.sonatype.org/service/local/artifact/maven/redirect?r=apache-snapshots&g=org.apache.servicemix.examples.loan-broker&a=loan-broker-ode-su&v=4.3.0-SNAPSHOT&e=pom, ,
loan-broker-jms-su,4.4.0-SNAPSHOT,org.apache.servicemix.examples.loan-broker,apache-snapshots,https://repository.sonatype.org/service/local/artifact/maven/redirect?r=apache-snapshots&g=org.apache.servicemix.examples.loan-broker&a=loan-broker-jms-su&v=4.4.0-SNAPSHOT&e=pom, ,
loan-broker-jms-su,4.3.0-SNAPSHOT,org.apache.servicemix.examples.loan-broker,apache-snapshots,https://repository.sonatype.org/service/local/artifact/maven/redirect?r=apache-snapshots&g=org.apache.servicemix.examples.loan-broker&a=loan-broker-jms-su&v=4.3.0-SNAPSHOT&e=pom, ,
loan-broker-jms-client,4.4.0-SNAPSHOT,org.apache.servicemix.examples.loan-broker,apache-snapshots,https://repository.sonatype.org/service/local/artifact/maven/redirect?r=apache-snapshots&g=org.apache.servicemix.examples.loan-broker&a=loan-broker-jms-client&v=4.4.0-SNAPSHOT&e=pom, ,
loan-broker-jms-client,4.3.0-SNAPSHOT,org.apache.servicemix.examples.loan-broker,apache-snapshots,https://repository.sonatype.org/service/local/artifact/maven/redirect?r=apache-snapshots&g=org.apache.servicemix.examples.loan-broker&a=loan-broker-jms-client&v=4.3.0-SNAPSHOT&e=pom, ,
loan-broker-drools-su,4.4.0-SNAPSHOT,org.apache.servicemix.examples.loan-broker,apache-snapshots,https://repository.sonatype.org/service/local/artifact/maven/redirect?r=apache-snapshots&g=org.apache.servicemix.examples.loan-broker&a=loan-broker-drools-su&v=4.4.0-SNAPSHOT&e=pom, ,
loan-broker-drools-su,4.3.0-SNAPSHOT,org.apache.servicemix.examples.loan-broker,apache-snapshots,https://repository.sonatype.org/service/local/artifact/maven/redirect?r=apache-snapshots&g=org.apache.servicemix.examples.loan-broker&a=loan-broker-drools-su&v=4.3.0-SNAPSHOT&e=pom, ,
loan-broker-bean-su,4.4.0-SNAPSHOT,org.apache.servicemix.examples.loan-broker,apache-snapshots,https://repository.sonatype.org/service/local/artifact/maven/redirect?r=apache-snapshots&g=org.apache.servicemix.examples.loan-broker&a=loan-broker-bean-su&v=4.4.0-SNAPSHOT&e=pom, ,
loan-broker-bean-su,4.3.0-SNAPSHOT,org.apache.servicemix.examples.loan-broker,apache-snapshots,https://repository.sonatype.org/service/local/artifact/maven/redirect?r=apache-snapshots&g=org.apache.servicemix.examples.loan-broker&a=loan-broker-bean-su&v=4.3.0-SNAPSHOT&e=pom, ,
loan-broker-sa,3.3.3-SNAPSHOT,org.apache.servicemix.samples.loan-broker,apache-snapshots,https://repository.sonatype.org/service/local/artifact/maven/redirect?r=apache-snapshots&g=org.apache.servicemix.samples.loan-broker&a=loan-broker-sa&v=3.3.3-SNAPSHOT&e=pom, ,
loan-broker-ode-su,3.3.3-SNAPSHOT,org.apache.servicemix.samples.loan-broker,apache-snapshots,https://repository.sonatype.org/service/local/artifact/maven/redirect?r=apache-snapshots&g=org.apache.servicemix.samples.loan-broker&a=loan-broker-ode-su&v=3.3.3-SNAPSHOT&e=pom, ,
loan-broker-jms-su,3.3.3-SNAPSHOT,org.apache.servicemix.samples.loan-broker,apache-snapshots,https://repository.sonatype.org/service/local/artifact/maven/redirect?r=apache-snapshots&g=org.apache.servicemix.samples.loan-broker&a=loan-broker-jms-su&v=3.3.3-SNAPSHOT&e=pom, ,
loan-broker-drools-su,3.3.3-SNAPSHOT,org.apache.servicemix.samples.loan-broker,apache-snapshots,https://repository.sonatype.org/service/local/artifact/maven/redirect?r=apache-snapshots&g=org.apache.servicemix.samples.loan-broker&a=loan-broker-drools-su&v=3.3.3-SNAPSHOT&e=pom, ,
loan-broker-bean-su,3.3.3-SNAPSHOT,org.apache.servicemix.samples.loan-broker,apache-snapshots,https://repository.sonatype.org/service/local/artifact/maven/redirect?r=apache-snapshots&g=org.apache.servicemix.samples.loan-broker&a=loan-broker-bean-su&v=3.3.3-SNAPSHOT&e=pom, ,
loan-broker-sa,4.1.0-SNAPSHOT,org.apache.servicemix.examples.loan-broker,apache-snapshots,https://repository.sonatype.org/service/local/artifact/maven/redirect?r=apache-snapshots&g=org.apache.servicemix.examples.loan-broker&a=loan-broker-sa&v=4.1.0-SNAPSHOT&e=pom, ,
loan-broker-ode-su,4.1.0-SNAPSHOT,org.apache.servicemix.examples.loan-broker,apache-snapshots,https://repository.sonatype.org/service/local/artifact/maven/redirect?r=apache-snapshots&g=org.apache.servicemix.examples.loan-broker&a=loan-broker-ode-su&v=4.1.0-SNAPSHOT&e=pom, ,
loan-broker-jms-su,4.1.0-SNAPSHOT,org.apache.servicemix.examples.loan-broker,apache-snapshots,https://repository.sonatype.org/service/local/artifact/maven/redirect?r=apache-snapshots&g=org.apache.servicemix.examples.loan-broker&a=loan-broker-jms-su&v=4.1.0-SNAPSHOT&e=pom, ,
loan-broker-jms-client,4.1.0-SNAPSHOT,org.apache.servicemix.examples.loan-broker,apache-snapshots,https://repository.sonatype.org/service/local/artifact/maven/redirect?r=apache-snapshots&g=org.apache.servicemix.examples.loan-broker&a=loan-broker-jms-client&v=4.1.0-SNAPSHOT&e=pom, ,
loan-broker-drools-su,4.1.0-SNAPSHOT,org.apache.servicemix.examples.loan-broker,apache-snapshots,https://repository.sonatype.org/service/local/artifact/maven/redirect?r=apache-snapshots&g=org.apache.servicemix.examples.loan-broker&a=loan-broker-drools-su&v=4.1.0-SNAPSHOT&e=pom, ,
loan-broker-bean-su,4.1.0-SNAPSHOT,org.apache.servicemix.examples.loan-broker,apache-snapshots,https://repository.sonatype.org/service/local/artifact/maven/redirect?r=apache-snapshots&g=org.apache.servicemix.examples.loan-broker&a=loan-broker-bean-su&v=4.1.0-SNAPSHOT&e=pom, ,
locale4j,1.1.1,net.sf.locale4j,central-proxy,https://repository.sonatype.org/service/local/artifact/maven/redirect?r=central-proxy&g=net.sf.locale4j&a=locale4j&v=1.1.1&e=pom,SCM[scm:svn:https://locale4j.svn.sourceforge.net/svnroot/locale4j/trunk;http://locale4j.svn.sourceforge.net/viewvc/locale4j/trunk],
locale4j,1.1.2,net.sf.locale4j,central-proxy,https://repository.sonatype.org/service/local/artifact/maven/redirect?r=central-proxy&g=net.sf.locale4j&a=locale4j&v=1.1.2&e=pom,SCM[scm:svn:https://locale4j.svn.sourceforge.net/svnroot/locale4j/trunk;http://locale4j.svn.sourceforge.net/viewvc/locale4j/trunk],
locale4j,1.1.3,net.sf.locale4j,central-proxy,https://repository.sonatype.org/service/local/artifact/maven/redirect?r=central-proxy&g=net.sf.locale4j&a=locale4j&v=1.1.3&e=pom,SCM[scm:svn:https://locale4j.svn.sourceforge.net/svnroot/locale4j/trunk;http://locale4j.svn.sourceforge.net/viewvc/locale4j/trunk],
locale4j,1.1.4,net.sf.locale4j,central-proxy,https://repository.sonatype.org/service/local/artifact/maven/redirect?r=central-proxy&g=net.sf.locale4j&a=locale4j&v=1.1.4&e=pom,SCM[scm:svn:https://locale4j.svn.sourceforge.net/svnroot/locale4j/trunk;http://locale4j.svn.sourceforge.net/viewvc/locale4j/trunk],
loci,0.1,net.java.loci,central-proxy,https://repository.sonatype.org/service/local/artifact/maven/redirect?r=central-proxy&g=net.java.loci&a=loci&v=0.1&e=pom,SCM[scm:svn:https://svn.java.net/svn/loci~main;http://java.net/projects/loci/sources/main/show],
loci-plugin,0.1,net.java.loci,central-proxy,https://repository.sonatype.org/service/local/artifact/maven/redirect?r=central-proxy&g=net.java.loci&a=loci-plugin&v=0.1&e=pom,SCM[scm:svn:https://svn.java.net/svn/loci~main/tags/loci-plugin-0.1;http://java.net/projects/loci/sources/main/show/tags/loci-plugin-0.1],
localizer,1.0,org.jvnet.localizer,central-proxy,https://repository.sonatype.org/service/local/artifact/maven/redirect?r=central-proxy&g=org.jvnet.localizer&a=localizer&v=1.0&e=pom, ,
localizer,1.1,org.jvnet.localizer,central-proxy,https://repository.sonatype.org/service/local/artifact/maven/redirect?r=central-proxy&g=org.jvnet.localizer&a=localizer&v=1.1&e=pom, ,
localizer,1.10,org.jvnet.localizer,central-proxy,https://repository.sonatype.org/service/local/artifact/maven/redirect?r=central-proxy&g=org.jvnet.localizer&a=localizer&v=1.10&e=pom, ,
localizer,1.11,org.jvnet.localizer,central-proxy,https://repository.sonatype.org/service/local/artifact/maven/redirect?r=central-proxy&g=org.jvnet.localizer&a=localizer&v=1.11&e=pom, ,
localizer,1.12,org.jvnet.localizer,central-proxy,https://repository.sonatype.org/service/local/artifact/maven/redirect?r=central-proxy&g=org.jvnet.localizer&a=localizer&v=1.12&e=pom, ,
localizer,1.2,org.jvnet.localizer,central-proxy,https://repository.sonatype.org/service/local/artifact/maven/redirect?r=central-proxy&g=org.jvnet.localizer&a=localizer&v=1.2&e=pom, ,
localizer,1.3,org.jvnet.localizer,central-proxy,https://repository.sonatype.org/service/local/artifact/maven/redirect?r=central-proxy&g=org.jvnet.localizer&a=localizer&v=1.3&e=pom, ,
localizer,1.4,org.jvnet.localizer,central-proxy,https://repository.sonatype.org/service/local/artifact/maven/redirect?r=central-proxy&g=org.jvnet.localizer&a=localizer&v=1.4&e=pom, ,
localizer,1.5,org.jvnet.localizer,central-proxy,https://repository.sonatype.org/service/local/artifact/maven/redirect?r=central-proxy&g=org.jvnet.localizer&a=localizer&v=1.5&e=pom, ,
localizer,1.6,org.jvnet.localizer,central-proxy,https://repository.sonatype.org/service/local/artifact/maven/redirect?r=central-proxy&g=org.jvnet.localizer&a=localizer&v=1.6&e=pom, ,
localizer,1.7,org.jvnet.localizer,central-proxy,https://repository.sonatype.org/service/local/artifact/maven/redirect?r=central-proxy&g=org.jvnet.localizer&a=localizer&v=1.7&e=pom, ,
localizer,1.8,org.jvnet.localizer,central-proxy,https://repository.sonatype.org/service/local/artifact/maven/redirect?r=central-proxy&g=org.jvnet.localizer&a=localizer&v=1.8&e=pom, ,
localizer,1.9,org.jvnet.localizer,central-proxy,https://repository.sonatype.org/service/local/artifact/maven/redirect?r=central-proxy&g=org.jvnet.localizer&a=localizer&v=1.9&e=pom, ,
localizer-parent,1.0,org.jvnet.localizer,central-proxy,https://repository.sonatype.org/service/local/artifact/maven/redirect?r=central-proxy&g=org.jvnet.localizer&a=localizer-parent&v=1.0&e=pom, ,
localizer-parent,1.1,org.jvnet.localizer,central-proxy,https://repository.sonatype.org/service/local/artifact/maven/redirect?r=central-proxy&g=org.jvnet.localizer&a=localizer-parent&v=1.1&e=pom, ,
localizer-parent,1.10,org.jvnet.localizer,central-proxy,https://repository.sonatype.org/service/local/artifact/maven/redirect?r=central-proxy&g=org.jvnet.localizer&a=localizer-parent&v=1.10&e=pom, ,
localizer-parent,1.11,org.jvnet.localizer,central-proxy,https://repository.sonatype.org/service/local/artifact/maven/redirect?r=central-proxy&g=org.jvnet.localizer&a=localizer-parent&v=1.11&e=pom, ,
localizer-parent,1.12,org.jvnet.localizer,central-proxy,https://repository.sonatype.org/service/local/artifact/maven/redirect?r=central-proxy&g=org.jvnet.localizer&a=localizer-parent&v=1.12&e=pom, ,
localizer-parent,1.2,org.jvnet.localizer,central-proxy,https://repository.sonatype.org/service/local/artifact/maven/redirect?r=central-proxy&g=org.jvnet.localizer&a=localizer-parent&v=1.2&e=pom, ,
localizer-parent,1.3,org.jvnet.localizer,central-proxy,https://repository.sonatype.org/service/local/artifact/maven/redirect?r=central-proxy&g=org.jvnet.localizer&a=localizer-parent&v=1.3&e=pom, ,
localizer-parent,1.4,org.jvnet.localizer,central-proxy,https://repository.sonatype.org/service/local/artifact/maven/redirect?r=central-proxy&g=org.jvnet.localizer&a=localizer-parent&v=1.4&e=pom, ,
localizer-parent,1.5,org.jvnet.localizer,central-proxy,https://repository.sonatype.org/service/local/artifact/maven/redirect?r=central-proxy&g=org.jvnet.localizer&a=localizer-parent&v=1.5&e=pom, ,
localizer-parent,1.6,org.jvnet.localizer,central-proxy,https://repository.sonatype.org/service/local/artifact/maven/redirect?r=central-proxy&g=org.jvnet.localizer&a=localizer-parent&v=1.6&e=pom, ,
localizer-parent,1.7,org.jvnet.localizer,central-proxy,https://repository.sonatype.org/service/local/artifact/maven/redirect?r=central-proxy&g=org.jvnet.localizer&a=localizer-parent&v=1.7&e=pom, ,
localizer-parent,1.8,org.jvnet.localizer,central-proxy,https://repository.sonatype.org/service/local/artifact/maven/redirect?r=central-proxy&g=org.jvnet.localizer&a=localizer-parent&v=1.8&e=pom, ,
localizer-parent,1.9,org.jvnet.localizer,central-proxy,https://repository.sonatype.org/service/local/artifact/maven/redirect?r=central-proxy&g=org.jvnet.localizer&a=localizer-parent&v=1.9&e=pom, ,
locc,4.2,locc,central-proxy,https://repository.sonatype.org/service/local/artifact/maven/redirect?r=central-proxy&g=locc&a=locc&v=4.2&e=pom, ,
localizer,1.0,com.sun.localizer,central-proxy,https://repository.sonatype.org/service/local/artifact/maven/redirect?r=central-proxy&g=com.sun.localizer&a=localizer&v=1.0&e=pom, ,
log4j,1.1.3,log4j,central-proxy,https://repository.sonatype.org/service/local/artifact/maven/redirect?r=central-proxy&g=log4j&a=log4j&v=1.1.3&e=pom, ,
log4j,1.2.11,log4j,central-proxy,https://repository.sonatype.org/service/local/artifact/maven/redirect?r=central-proxy&g=log4j&a=log4j&v=1.2.11&e=pom, ,
log4j,1.2.12,log4j,central-proxy,https://repository.sonatype.org/service/local/artifact/maven/redirect?r=central-proxy&g=log4j&a=log4j&v=1.2.12&e=pom, ,
log4j,1.2.13,log4j,central-proxy,https://repository.sonatype.org/service/local/artifact/maven/redirect?r=central-proxy&g=log4j&a=log4j&v=1.2.13&e=pom, ,
log4j,1.2.14,log4j,central-proxy,https://repository.sonatype.org/service/local/artifact/maven/redirect?r=central-proxy&g=log4j&a=log4j&v=1.2.14&e=pom,SCM[scm:svn:http://svn.apache.org/repos/asf/logging/log4j/tags/v1_2_14;http://svn.apache.org/viewcvs.cgi/logging/log4j/tags/v1_2_14/],
log4j,1.2.15,log4j,central-proxy,https://repository.sonatype.org/service/local/artifact/maven/redirect?r=central-proxy&g=log4j&a=log4j&v=1.2.15&e=pom,SCM[scm:svn:http://svn.apache.org/repos/asf/logging/log4j/tags/v1_2_15_rc6;http://svn.apache.org/viewcvs.cgi/logging/log4j/tags/v1_2_15_rc6],
log4j,1.2.4,log4j,central-proxy,https://repository.sonatype.org/service/local/artifact/maven/redirect?r=central-proxy&g=log4j&a=log4j&v=1.2.4&e=pom, ,
log4j,1.2.5,log4j,central-proxy,https://repository.sonatype.org/service/local/artifact/maven/redirect?r=central-proxy&g=log4j&a=log4j&v=1.2.5&e=pom, ,
log4j,1.2.6,log4j,central-proxy,https://repository.sonatype.org/service/local/artifact/maven/redirect?r=central-proxy&g=log4j&a=log4j&v=1.2.6&e=pom, ,
log4j,1.2.7,log4j,central-proxy,https://repository.sonatype.org/service/local/artifact/maven/redirect?r=central-proxy&g=log4j&a=log4j&v=1.2.7&e=pom, ,
log4j,1.2.8,log4j,central-proxy,https://repository.sonatype.org/service/local/artifact/maven/redirect?r=central-proxy&g=log4j&a=log4j&v=1.2.8&e=pom, ,
log4j,1.2.9,log4j,central-proxy,https://repository.sonatype.org/service/local/artifact/maven/redirect?r=central-proxy&g=log4j&a=log4j&v=1.2.9&e=pom, ,
log4unit,0.2.0,log4unit,central-proxy,https://repository.sonatype.org/service/local/artifact/maven/redirect?r=central-proxy&g=log4unit&a=log4unit&v=0.2.0&e=pom, ,
log4unit,0.2.0_1,log4unit,central-proxy,https://repository.sonatype.org/service/local/artifact/maven/redirect?r=central-proxy&g=log4unit&a=log4unit&v=0.2.0_1&e=pom, ,
log4javascript,1.3.1,org.tigris.log4javascript,central-proxy,https://repository.sonatype.org/service/local/artifact/maven/redirect?r=central-proxy&g=org.tigris.log4javascript&a=log4javascript&v=1.3.1&e=pom, ,
log4j,1.2.16,log4j,central-proxy,https://repository.sonatype.org/service/local/artifact/maven/redirect?r=central-proxy&g=log4j&a=log4j&v=1.2.16&e=pom,SCM[scm:svn:http://svn.apache.org/repos/asf/logging/log4j/tags/v1_2_16;http://svn.apache.org/viewvc/logging/log4j/tags/v1_2_16],
logagent-plugin,1.1.0,org.coosproject.plugins,central-proxy,https://repository.sonatype.org/service/local/artifact/maven/redirect?r=central-proxy&g=org.coosproject.plugins&a=logagent-plugin&v=1.1.0&e=pom, ,
logagent-plugin,1.2.0,org.coosproject.plugins,central-proxy,https://repository.sonatype.org/service/local/artifact/maven/redirect?r=central-proxy&g=org.coosproject.plugins&a=logagent-plugin&v=1.2.0&e=pom, ,
logagent-plugin,1.2.1,org.coosproject.plugins,central-proxy,https://repository.sonatype.org/service/local/artifact/maven/redirect?r=central-proxy&g=org.coosproject.plugins&a=logagent-plugin&v=1.2.1&e=pom, ,
logagent-plugin,1.2.2,org.coosproject.plugins,central-proxy,https://repository.sonatype.org/service/local/artifact/maven/redirect?r=central-proxy&g=org.coosproject.plugins&a=logagent-plugin&v=1.2.2&e=pom, ,
logagent-plugin,1.2.3,org.coosproject.plugins,central-proxy,https://repository.sonatype.org/service/local/artifact/maven/redirect?r=central-proxy&g=org.coosproject.plugins&a=logagent-plugin&v=1.2.3&e=pom, ,
logagent-plugin,1.2.7,org.coosproject.plugins,central-proxy,https://repository.sonatype.org/service/local/artifact/maven/redirect?r=central-proxy&g=org.coosproject.plugins&a=logagent-plugin&v=1.2.7&e=pom, ,
logagent-plugin,1.2.8,org.coosproject.plugins,central-proxy,https://repository.sonatype.org/service/local/artifact/maven/redirect?r=central-proxy&g=org.coosproject.plugins&a=logagent-plugin&v=1.2.8&e=pom, ,
logagent-plugin,1.2.9,org.coosproject.plugins,central-proxy,https://repository.sonatype.org/service/local/artifact/maven/redirect?r=central-proxy&g=org.coosproject.plugins&a=logagent-plugin&v=1.2.9&e=pom, ,
logagent-plugin,1.2.10,org.coosproject.plugins,central-proxy,https://repository.sonatype.org/service/local/artifact/maven/redirect?r=central-proxy&g=org.coosproject.plugins&a=logagent-plugin&v=1.2.10&e=pom, ,
logagent-plugin,1.3.0,org.coosproject.plugins,central-proxy,https://repository.sonatype.org/service/local/artifact/maven/redirect?r=central-proxy&g=org.coosproject.plugins&a=logagent-plugin&v=1.3.0&e=pom, ,
logagent-plugin,1.3.1,org.coosproject.plugins,central-proxy,https://repository.sonatype.org/service/local/artifact/maven/redirect?r=central-proxy&g=org.coosproject.plugins&a=logagent-plugin&v=1.3.1&e=pom, ,
logback-akka_2.9.0-1,0.4-SNAPSHOT,com.mojolly.logback,scala-snaphots,https://repository.sonatype.org/service/local/artifact/maven/redirect?r=scala-snaphots&g=com.mojolly.logback&a=logback-akka_2.9.0-1&v=0.4-SNAPSHOT&e=pom, ,
logback-akka_2.9.0-1,0.5-SNAPSHOT,com.mojolly.logback,scala-snaphots,https://repository.sonatype.org/service/local/artifact/maven/redirect?r=scala-snaphots&g=com.mojolly.logback&a=logback-akka_2.9.0-1&v=0.5-SNAPSHOT&e=pom, ,
logback-akka_2.9.0-1,0.6-SNAPSHOT,com.mojolly.logback,scala-snaphots,https://repository.sonatype.org/service/local/artifact/maven/redirect?r=scala-snaphots&g=com.mojolly.logback&a=logback-akka_2.9.0-1&v=0.6-SNAPSHOT&e=pom, ,
logback,0.3,ch.qos.logback,central-proxy,https://repository.sonatype.org/service/local/artifact/maven/redirect?r=central-proxy&g=ch.qos.logback&a=logback&v=0.3&e=pom, ,
logback,0.5,ch.qos.logback,central-proxy,https://repository.sonatype.org/service/local/artifact/maven/redirect?r=central-proxy&g=ch.qos.logback&a=logback&v=0.5&e=pom,SCM[scm:svn:https://svn.qos.ch/repos/logback/tags/release-0.5;https://svn.qos.ch/repos/logback/tags/release-0.5],
logback-access,${parent.version},ch.qos.logback,central-proxy,https://repository.sonatype.org/service/local/artifact/maven/redirect?r=central-proxy&g=ch.qos.logback&a=logback-access&v=${parent.version}&e=pom, ,
logback-access,0.2.5,ch.qos.logback,central-proxy,https://repository.sonatype.org/service/local/artifact/maven/redirect?r=central-proxy&g=ch.qos.logback&a=logback-access&v=0.2.5&e=pom,SCM[http://svn.qos.ch/repos/logback/access/trunk/;http://svn.qos.ch/viewcvs/logback/access/trunk/],
logback-access,0.3,ch.qos.logback,central-proxy,https://repository.sonatype.org/service/local/artifact/maven/redirect?r=central-proxy&g=ch.qos.logback&a=logback-access&v=0.3&e=pom,SCM[http://svn.qos.ch/repos/logback/access/trunk/;http://svn.qos.ch/viewcvs/logback/access/trunk/],
logback-access,0.6,ch.qos.logback,central-proxy,https://repository.sonatype.org/service/local/artifact/maven/redirect?r=central-proxy&g=ch.qos.logback&a=logback-access&v=0.6&e=pom, ,
logback-access,0.7,ch.qos.logback,central-proxy,https://repository.sonatype.org/service/local/artifact/maven/redirect?r=central-proxy&g=ch.qos.logback&a=logback-access&v=0.7&e=pom, ,
logback-access,0.7.1,ch.qos.logback,central-proxy,https://repository.sonatype.org/service/local/artifact/maven/redirect?r=central-proxy&g=ch.qos.logback&a=logback-access&v=0.7.1&e=pom, ,
logback-access,0.8,ch.qos.logback,central-proxy,https://repository.sonatype.org/service/local/artifact/maven/redirect?r=central-proxy&g=ch.qos.logback&a=logback-access&v=0.8&e=pom, ,
logback-access,0.8.1,ch.qos.logback,central-proxy,https://repository.sonatype.org/service/local/artifact/maven/redirect?r=central-proxy&g=ch.qos.logback&a=logback-access&v=0.8.1&e=pom, ,
logback-access,0.9,ch.qos.logback,central-proxy,https://repository.sonatype.org/service/local/artifact/maven/redirect?r=central-proxy&g=ch.qos.logback&a=logback-access&v=0.9&e=pom, ,
logback-access,0.9.1,ch.qos.logback,central-proxy,https://repository.sonatype.org/service/local/artifact/maven/redirect?r=central-proxy&g=ch.qos.logback&a=logback-access&v=0.9.1&e=pom, ,
logback-access,0.9.10,ch.qos.logback,central-proxy,https://repository.sonatype.org/service/local/artifact/maven/redirect?r=central-proxy&g=ch.qos.logback&a=logback-access&v=0.9.10&e=pom, ,
logback-access,0.9.11,ch.qos.logback,central-proxy,https://repository.sonatype.org/service/local/artifact/maven/redirect?r=central-proxy&g=ch.qos.logback&a=logback-access&v=0.9.11&e=pom, ,
logback-access,0.9.12,ch.qos.logback,central-proxy,https://repository.sonatype.org/service/local/artifact/maven/redirect?r=central-proxy&g=ch.qos.logback&a=logback-access&v=0.9.12&e=pom, ,
logback-access,0.9.13,ch.qos.logback,central-proxy,https://repository.sonatype.org/service/local/artifact/maven/redirect?r=central-proxy&g=ch.qos.logback&a=logback-access&v=0.9.13&e=pom, ,
logback-access,0.9.14,ch.qos.logback,central-proxy,https://repository.sonatype.org/service/local/artifact/maven/redirect?r=central-proxy&g=ch.qos.logback&a=logback-access&v=0.9.14&e=pom, ,
logback-access,0.9.15,ch.qos.logback,central-proxy,https://repository.sonatype.org/service/local/artifact/maven/redirect?r=central-proxy&g=ch.qos.logback&a=logback-access&v=0.9.15&e=pom, ,
logback-access,0.9.2,ch.qos.logback,central-proxy,https://repository.sonatype.org/service/local/artifact/maven/redirect?r=central-proxy&g=ch.qos.logback&a=logback-access&v=0.9.2&e=pom, ,
logback-access,0.9.3,ch.qos.logback,central-proxy,https://repository.sonatype.org/service/local/artifact/maven/redirect?r=central-proxy&g=ch.qos.logback&a=logback-access&v=0.9.3&e=pom, ,
logback-access,0.9.4,ch.qos.logback,central-proxy,https://repository.sonatype.org/service/local/artifact/maven/redirect?r=central-proxy&g=ch.qos.logback&a=logback-access&v=0.9.4&e=pom, ,
logback-access,0.9.5,ch.qos.logback,central-proxy,https://repository.sonatype.org/service/local/artifact/maven/redirect?r=central-proxy&g=ch.qos.logback&a=logback-access&v=0.9.5&e=pom, ,
logback-access,0.9.6,ch.qos.logback,central-proxy,https://repository.sonatype.org/service/local/artifact/maven/redirect?r=central-proxy&g=ch.qos.logback&a=logback-access&v=0.9.6&e=pom, ,
logback-access,0.9.7,ch.qos.logback,central-proxy,https://repository.sonatype.org/service/local/artifact/maven/redirect?r=central-proxy&g=ch.qos.logback&a=logback-access&v=0.9.7&e=pom, ,
logback-access,0.9.8,ch.qos.logback,central-proxy,https://repository.sonatype.org/service/local/artifact/maven/redirect?r=central-proxy&g=ch.qos.logback&a=logback-access&v=0.9.8&e=pom, ,
logback-access,0.9.9,ch.qos.logback,central-proxy,https://repository.sonatype.org/service/local/artifact/maven/redirect?r=central-proxy&g=ch.qos.logback&a=logback-access&v=0.9.9&e=pom, ,
logback-classic,0.2.5,ch.qos.logback,central-proxy,https://repository.sonatype.org/service/local/artifact/maven/redirect?r=central-proxy&g=ch.qos.logback&a=logback-classic&v=0.2.5&e=pom,SCM[http://svn.qos.ch/repos/logback/classic/trunk/;http://svn.qos.ch/viewcvs/logback/classic/trunk/],
logback-classic,0.3,ch.qos.logback,central-proxy,https://repository.sonatype.org/service/local/artifact/maven/redirect?r=central-proxy&g=ch.qos.logback&a=logback-classic&v=0.3&e=pom,SCM[http://svn.qos.ch/repos/logback/classic/trunk/;http://svn.qos.ch/viewcvs/logback/classic/trunk/],
logback-classic,0.5,ch.qos.logback,central-proxy,https://repository.sonatype.org/service/local/artifact/maven/redirect?r=central-proxy&g=ch.qos.logback&a=logback-classic&v=0.5&e=pom, ,
logback-classic,0.6,ch.qos.logback,central-proxy,https://repository.sonatype.org/service/local/artifact/maven/redirect?r=central-proxy&g=ch.qos.logback&a=logback-classic&v=0.6&e=pom, ,
logback-classic,0.7,ch.qos.logback,central-proxy,https://repository.sonatype.org/service/local/artifact/maven/redirect?r=central-proxy&g=ch.qos.logback&a=logback-classic&v=0.7&e=pom, ,
logback-classic,0.7.1,ch.qos.logback,central-proxy,https://repository.sonatype.org/service/local/artifact/maven/redirect?r=central-proxy&g=ch.qos.logback&a=logback-classic&v=0.7.1&e=pom, ,
logback-classic,0.8,ch.qos.logback,central-proxy,https://repository.sonatype.org/service/local/artifact/maven/redirect?r=central-proxy&g=ch.qos.logback&a=logback-classic&v=0.8&e=pom, ,
logback-classic,0.8.1,ch.qos.logback,central-proxy,https://repository.sonatype.org/service/local/artifact/maven/redirect?r=central-proxy&g=ch.qos.logback&a=logback-classic&v=0.8.1&e=pom, ,
logback-classic,0.9,ch.qos.logback,central-proxy,https://repository.sonatype.org/service/local/artifact/maven/redirect?r=central-proxy&g=ch.qos.logback&a=logback-classic&v=0.9&e=pom, ,
logback-classic,0.9.1,ch.qos.logback,central-proxy,https://repository.sonatype.org/service/local/artifact/maven/redirect?r=central-proxy&g=ch.qos.logback&a=logback-classic&v=0.9.1&e=pom, ,
logback-classic,0.9.10,ch.qos.logback,central-proxy,https://repository.sonatype.org/service/local/artifact/maven/redirect?r=central-proxy&g=ch.qos.logback&a=logback-classic&v=0.9.10&e=pom, ,
logback-classic,0.9.11,ch.qos.logback,central-proxy,https://repository.sonatype.org/service/local/artifact/maven/redirect?r=central-proxy&g=ch.qos.logback&a=logback-classic&v=0.9.11&e=pom, ,
logback-classic,0.9.12,ch.qos.logback,central-proxy,https://repository.sonatype.org/service/local/artifact/maven/redirect?r=central-proxy&g=ch.qos.logback&a=logback-classic&v=0.9.12&e=pom, ,
logback-classic,0.9.13,ch.qos.logback,central-proxy,https://repository.sonatype.org/service/local/artifact/maven/redirect?r=central-proxy&g=ch.qos.logback&a=logback-classic&v=0.9.13&e=pom, ,
logback-classic,0.9.14,ch.qos.logback,central-proxy,https://repository.sonatype.org/service/local/artifact/maven/redirect?r=central-proxy&g=ch.qos.logback&a=logback-classic&v=0.9.14&e=pom, ,
logback-classic,0.9.15,ch.qos.logback,central-proxy,https://repository.sonatype.org/service/local/artifact/maven/redirect?r=central-proxy&g=ch.qos.logback&a=logback-classic&v=0.9.15&e=pom, ,
logback-classic,0.9.2,ch.qos.logback,central-proxy,https://repository.sonatype.org/service/local/artifact/maven/redirect?r=central-proxy&g=ch.qos.logback&a=logback-classic&v=0.9.2&e=pom, ,
logback-classic,0.9.3,ch.qos.logback,central-proxy,https://repository.sonatype.org/service/local/artifact/maven/redirect?r=central-proxy&g=ch.qos.logback&a=logback-classic&v=0.9.3&e=pom, ,
logback-classic,0.9.4,ch.qos.logback,central-proxy,https://repository.sonatype.org/service/local/artifact/maven/redirect?r=central-proxy&g=ch.qos.logback&a=logback-classic&v=0.9.4&e=pom, ,
logback-classic,0.9.5,ch.qos.logback,central-proxy,https://repository.sonatype.org/service/local/artifact/maven/redirect?r=central-proxy&g=ch.qos.logback&a=logback-classic&v=0.9.5&e=pom, ,
logback-classic,0.9.6,ch.qos.logback,central-proxy,https://repository.sonatype.org/service/local/artifact/maven/redirect?r=central-proxy&g=ch.qos.logback&a=logback-classic&v=0.9.6&e=pom, ,
logback-classic,0.9.7,ch.qos.logback,central-proxy,https://repository.sonatype.org/service/local/artifact/maven/redirect?r=central-proxy&g=ch.qos.logback&a=logback-classic&v=0.9.7&e=pom, ,
logback-classic,0.9.8,ch.qos.logback,central-proxy,https://repository.sonatype.org/service/local/artifact/maven/redirect?r=central-proxy&g=ch.qos.logback&a=logback-classic&v=0.9.8&e=pom, ,
logback-classic,0.9.9,ch.qos.logback,central-proxy,https://repository.sonatype.org/service/local/artifact/maven/redirect?r=central-proxy&g=ch.qos.logback&a=logback-classic&v=0.9.9&e=pom, ,
logback-core,0.2.5,ch.qos.logback,central-proxy,https://repository.sonatype.org/service/local/artifact/maven/redirect?r=central-proxy&g=ch.qos.logback&a=logback-core&v=0.2.5&e=pom,SCM[http://svn.qos.ch/repos/logback/core/trunk;http://svn.qos.ch/viewcvs/logback/core/trunk],
logback-core,0.3,ch.qos.logback,central-proxy,https://repository.sonatype.org/service/local/artifact/maven/redirect?r=central-proxy&g=ch.qos.logback&a=logback-core&v=0.3&e=pom,SCM[http://svn.qos.ch/repos/logback/core/trunk;http://svn.qos.ch/viewcvs/logback/core/trunk],
logback-core,0.5,ch.qos.logback,central-proxy,https://repository.sonatype.org/service/local/artifact/maven/redirect?r=central-proxy&g=ch.qos.logback&a=logback-core&v=0.5&e=pom, ,
logback-core,0.6,ch.qos.logback,central-proxy,https://repository.sonatype.org/service/local/artifact/maven/redirect?r=central-proxy&g=ch.qos.logback&a=logback-core&v=0.6&e=pom, ,
logback-core,0.7,ch.qos.logback,central-proxy,https://repository.sonatype.org/service/local/artifact/maven/redirect?r=central-proxy&g=ch.qos.logback&a=logback-core&v=0.7&e=pom, ,
logback-core,0.7.1,ch.qos.logback,central-proxy,https://repository.sonatype.org/service/local/artifact/maven/redirect?r=central-proxy&g=ch.qos.logback&a=logback-core&v=0.7.1&e=pom, ,
logback-core,0.8,ch.qos.logback,central-proxy,https://repository.sonatype.org/service/local/artifact/maven/redirect?r=central-proxy&g=ch.qos.logback&a=logback-core&v=0.8&e=pom, ,
logback-core,0.8.1,ch.qos.logback,central-proxy,https://repository.sonatype.org/service/local/artifact/maven/redirect?r=central-proxy&g=ch.qos.logback&a=logback-core&v=0.8.1&e=pom, ,
logback-core,0.9,ch.qos.logback,central-proxy,https://repository.sonatype.org/service/local/artifact/maven/redirect?r=central-proxy&g=ch.qos.logback&a=logback-core&v=0.9&e=pom, ,
logback-core,0.9.1,ch.qos.logback,central-proxy,https://repository.sonatype.org/service/local/artifact/maven/redirect?r=central-proxy&g=ch.qos.logback&a=logback-core&v=0.9.1&e=pom, ,
logback-core,0.9.10,ch.qos.logback,central-proxy,https://repository.sonatype.org/service/local/artifact/maven/redirect?r=central-proxy&g=ch.qos.logback&a=logback-core&v=0.9.10&e=pom, ,
logback-core,0.9.11,ch.qos.logback,central-proxy,https://repository.sonatype.org/service/local/artifact/maven/redirect?r=central-proxy&g=ch.qos.logback&a=logback-core&v=0.9.11&e=pom, ,
logback-core,0.9.12,ch.qos.logback,central-proxy,https://repository.sonatype.org/service/local/artifact/maven/redirect?r=central-proxy&g=ch.qos.logback&a=logback-core&v=0.9.12&e=pom, ,
logback-core,0.9.13,ch.qos.logback,central-proxy,https://repository.sonatype.org/service/local/artifact/maven/redirect?r=central-proxy&g=ch.qos.logback&a=logback-core&v=0.9.13&e=pom, ,
logback-core,0.9.14,ch.qos.logback,central-proxy,https://repository.sonatype.org/service/local/artifact/maven/redirect?r=central-proxy&g=ch.qos.logback&a=logback-core&v=0.9.14&e=pom, ,
logback-core,0.9.15,ch.qos.logback,central-proxy,https://repository.sonatype.org/service/local/artifact/maven/redirect?r=central-proxy&g=ch.qos.logback&a=logback-core&v=0.9.15&e=pom, ,
logback-core,0.9.2,ch.qos.logback,central-proxy,https://repository.sonatype.org/service/local/artifact/maven/redirect?r=central-proxy&g=ch.qos.logback&a=logback-core&v=0.9.2&e=pom, ,
logback-core,0.9.3,ch.qos.logback,central-proxy,https://repository.sonatype.org/service/local/artifact/maven/redirect?r=central-proxy&g=ch.qos.logback&a=logback-core&v=0.9.3&e=pom, ,
logback-core,0.9.4,ch.qos.logback,central-proxy,https://repository.sonatype.org/service/local/artifact/maven/redirect?r=central-proxy&g=ch.qos.logback&a=logback-core&v=0.9.4&e=pom, ,
logback-core,0.9.5,ch.qos.logback,central-proxy,https://repository.sonatype.org/service/local/artifact/maven/redirect?r=central-proxy&g=ch.qos.logback&a=logback-core&v=0.9.5&e=pom, ,
logback-core,0.9.6,ch.qos.logback,central-proxy,https://repository.sonatype.org/service/local/artifact/maven/redirect?r=central-proxy&g=ch.qos.logback&a=logback-core&v=0.9.6&e=pom, ,
logback-core,0.9.7,ch.qos.logback,central-proxy,https://repository.sonatype.org/service/local/artifact/maven/redirect?r=central-proxy&g=ch.qos.logback&a=logback-core&v=0.9.7&e=pom, ,
logback-core,0.9.8,ch.qos.logback,central-proxy,https://repository.sonatype.org/service/local/artifact/maven/redirect?r=central-proxy&g=ch.qos.logback&a=logback-core&v=0.9.8&e=pom, ,
logback-core,0.9.9,ch.qos.logback,central-proxy,https://repository.sonatype.org/service/local/artifact/maven/redirect?r=central-proxy&g=ch.qos.logback&a=logback-core&v=0.9.9&e=pom, ,
logback-examples,0.6,ch.qos.logback,central-proxy,https://repository.sonatype.org/service/local/artifact/maven/redirect?r=central-proxy&g=ch.qos.logback&a=logback-examples&v=0.6&e=pom, ,
logback-examples,0.7,ch.qos.logback,central-proxy,https://repository.sonatype.org/service/local/artifact/maven/redirect?r=central-proxy&g=ch.qos.logback&a=logback-examples&v=0.7&e=pom, ,
logback-examples,0.7.1,ch.qos.logback,central-proxy,https://repository.sonatype.org/service/local/artifact/maven/redirect?r=central-proxy&g=ch.qos.logback&a=logback-examples&v=0.7.1&e=pom, ,
logback-examples,0.8,ch.qos.logback,central-proxy,https://repository.sonatype.org/service/local/artifact/maven/redirect?r=central-proxy&g=ch.qos.logback&a=logback-examples&v=0.8&e=pom, ,
logback-examples,0.8.1,ch.qos.logback,central-proxy,https://repository.sonatype.org/service/local/artifact/maven/redirect?r=central-proxy&g=ch.qos.logback&a=logback-examples&v=0.8.1&e=pom, ,
logback-examples,0.9,ch.qos.logback,central-proxy,https://repository.sonatype.org/service/local/artifact/maven/redirect?r=central-proxy&g=ch.qos.logback&a=logback-examples&v=0.9&e=pom, ,
logback-examples,0.9.1,ch.qos.logback,central-proxy,https://repository.sonatype.org/service/local/artifact/maven/redirect?r=central-proxy&g=ch.qos.logback&a=logback-examples&v=0.9.1&e=pom, ,
logback-examples,0.9.10,ch.qos.logback,central-proxy,https://repository.sonatype.org/service/local/artifact/maven/redirect?r=central-proxy&g=ch.qos.logback&a=logback-examples&v=0.9.10&e=pom, ,
logback-examples,0.9.11,ch.qos.logback,central-proxy,https://repository.sonatype.org/service/local/artifact/maven/redirect?r=central-proxy&g=ch.qos.logback&a=logback-examples&v=0.9.11&e=pom, ,
logback-examples,0.9.12,ch.qos.logback,central-proxy,https://repository.sonatype.org/service/local/artifact/maven/redirect?r=central-proxy&g=ch.qos.logback&a=logback-examples&v=0.9.12&e=pom, ,
logback-examples,0.9.13,ch.qos.logback,central-proxy,https://repository.sonatype.org/service/local/artifact/maven/redirect?r=central-proxy&g=ch.qos.logback&a=logback-examples&v=0.9.13&e=pom, ,
logback-examples,0.9.14,ch.qos.logback,central-proxy,https://repository.sonatype.org/service/local/artifact/maven/redirect?r=central-proxy&g=ch.qos.logback&a=logback-examples&v=0.9.14&e=pom, ,
logback-examples,0.9.15,ch.qos.logback,central-proxy,https://repository.sonatype.org/service/local/artifact/maven/redirect?r=central-proxy&g=ch.qos.logback&a=logback-examples&v=0.9.15&e=pom, ,
logback-examples,0.9.2,ch.qos.logback,central-proxy,https://repository.sonatype.org/service/local/artifact/maven/redirect?r=central-proxy&g=ch.qos.logback&a=logback-examples&v=0.9.2&e=pom, ,
logback-examples,0.9.3,ch.qos.logback,central-proxy,https://repository.sonatype.org/service/local/artifact/maven/redirect?r=central-proxy&g=ch.qos.logback&a=logback-examples&v=0.9.3&e=pom, ,
logback-examples,0.9.4,ch.qos.logback,central-proxy,https://repository.sonatype.org/service/local/artifact/maven/redirect?r=central-proxy&g=ch.qos.logback&a=logback-examples&v=0.9.4&e=pom, ,
logback-examples,0.9.5,ch.qos.logback,central-proxy,https://repository.sonatype.org/service/local/artifact/maven/redirect?r=central-proxy&g=ch.qos.logback&a=logback-examples&v=0.9.5&e=pom, ,
logback-examples,0.9.6,ch.qos.logback,central-proxy,https://repository.sonatype.org/service/local/artifact/maven/redirect?r=central-proxy&g=ch.qos.logback&a=logback-examples&v=0.9.6&e=pom, ,
logback-examples,0.9.7,ch.qos.logback,central-proxy,https://repository.sonatype.org/service/local/artifact/maven/redirect?r=central-proxy&g=ch.qos.logback&a=logback-examples&v=0.9.7&e=pom, ,
logback-examples,0.9.8,ch.qos.logback,central-proxy,https://repository.sonatype.org/service/local/artifact/maven/redirect?r=central-proxy&g=ch.qos.logback&a=logback-examples&v=0.9.8&e=pom, ,
logback-examples,0.9.9,ch.qos.logback,central-proxy,https://repository.sonatype.org/service/local/artifact/maven/redirect?r=central-proxy&g=ch.qos.logback&a=logback-examples&v=0.9.9&e=pom, ,
logback-parent,0.9.11,ch.qos.logback,central-proxy,https://repository.sonatype.org/service/local/artifact/maven/redirect?r=central-proxy&g=ch.qos.logback&a=logback-parent&v=0.9.11&e=pom,SCM[scm:svn:http://svn.qos.ch/repos/logback/trunk/;http://svn.qos.ch/repos/logback/trunk/],
logback-parent,0.9.13,ch.qos.logback,central-proxy,https://repository.sonatype.org/service/local/artifact/maven/redirect?r=central-proxy&g=ch.qos.logback&a=logback-parent&v=0.9.13&e=pom,SCM[scm:svn:http://svn.qos.ch/repos/logback/trunk/;http://svn.qos.ch/repos/logback/trunk/],
logback-parent,0.9.14,ch.qos.logback,central-proxy,https://repository.sonatype.org/service/local/artifact/maven/redirect?r=central-proxy&g=ch.qos.logback&a=logback-parent&v=0.9.14&e=pom,SCM[scm:svn:http://svn.qos.ch/repos/logback/trunk/;http://svn.qos.ch/repos/logback/trunk/],
logback-parent,0.9.15,ch.qos.logback,central-proxy,https://repository.sonatype.org/service/local/artifact/maven/redirect?r=central-proxy&g=ch.qos.logback&a=logback-parent&v=0.9.15&e=pom,SCM[scm:svn:http://svn.qos.ch/repos/logback/trunk/;http://svn.qos.ch/repos/logback/trunk/],
logback-parent,0.9.9,ch.qos.logback,central-proxy,https://repository.sonatype.org/service/local/artifact/maven/redirect?r=central-proxy&g=ch.qos.logback&a=logback-parent&v=0.9.9&e=pom,SCM[scm:svn:http://svn.qos.ch/repos/logback/trunk/;http://svn.qos.ch/repos/logback/trunk/],
logback-site,0.6,ch.qos.logback,central-proxy,https://repository.sonatype.org/service/local/artifact/maven/redirect?r=central-proxy&g=ch.qos.logback&a=logback-site&v=0.6&e=pom, ,
logback-site,0.7,ch.qos.logback,central-proxy,https://repository.sonatype.org/service/local/artifact/maven/redirect?r=central-proxy&g=ch.qos.logback&a=logback-site&v=0.7&e=pom, ,
logback-site,0.7.1,ch.qos.logback,central-proxy,https://repository.sonatype.org/service/local/artifact/maven/redirect?r=central-proxy&g=ch.qos.logback&a=logback-site&v=0.7.1&e=pom, ,
logback-site,0.8,ch.qos.logback,central-proxy,https://repository.sonatype.org/service/local/artifact/maven/redirect?r=central-proxy&g=ch.qos.logback&a=logback-site&v=0.8&e=pom, ,
logback-site,0.8.1,ch.qos.logback,central-proxy,https://repository.sonatype.org/service/local/artifact/maven/redirect?r=central-proxy&g=ch.qos.logback&a=logback-site&v=0.8.1&e=pom, ,
logback-site,0.9,ch.qos.logback,central-proxy,https://repository.sonatype.org/service/local/artifact/maven/redirect?r=central-proxy&g=ch.qos.logback&a=logback-site&v=0.9&e=pom, ,
logback-site,0.9.1,ch.qos.logback,central-proxy,https://repository.sonatype.org/service/local/artifact/maven/redirect?r=central-proxy&g=ch.qos.logback&a=logback-site&v=0.9.1&e=pom, ,
logback-site,0.9.10,ch.qos.logback,central-proxy,https://repository.sonatype.org/service/local/artifact/maven/redirect?r=central-proxy&g=ch.qos.logback&a=logback-site&v=0.9.10&e=pom, ,
logback-site,0.9.11,ch.qos.logback,central-proxy,https://repository.sonatype.org/service/local/artifact/maven/redirect?r=central-proxy&g=ch.qos.logback&a=logback-site&v=0.9.11&e=pom, ,
logback-site,0.9.12,ch.qos.logback,central-proxy,https://repository.sonatype.org/service/local/artifact/maven/redirect?r=central-proxy&g=ch.qos.logback&a=logback-site&v=0.9.12&e=pom, ,
logback-site,0.9.13,ch.qos.logback,central-proxy,https://repository.sonatype.org/service/local/artifact/maven/redirect?r=central-proxy&g=ch.qos.logback&a=logback-site&v=0.9.13&e=pom, ,
logback-site,0.9.14,ch.qos.logback,central-proxy,https://repository.sonatype.org/service/local/artifact/maven/redirect?r=central-proxy&g=ch.qos.logback&a=logback-site&v=0.9.14&e=pom, ,
logback-site,0.9.15,ch.qos.logback,central-proxy,https://repository.sonatype.org/service/local/artifact/maven/redirect?r=central-proxy&g=ch.qos.logback&a=logback-site&v=0.9.15&e=pom, ,
logback-site,0.9.2,ch.qos.logback,central-proxy,https://repository.sonatype.org/service/local/artifact/maven/redirect?r=central-proxy&g=ch.qos.logback&a=logback-site&v=0.9.2&e=pom, ,
logback-site,0.9.3,ch.qos.logback,central-proxy,https://repository.sonatype.org/service/local/artifact/maven/redirect?r=central-proxy&g=ch.qos.logback&a=logback-site&v=0.9.3&e=pom, ,
logback-site,0.9.4,ch.qos.logback,central-proxy,https://repository.sonatype.org/service/local/artifact/maven/redirect?r=central-proxy&g=ch.qos.logback&a=logback-site&v=0.9.4&e=pom, ,
logback-site,0.9.5,ch.qos.logback,central-proxy,https://repository.sonatype.org/service/local/artifact/maven/redirect?r=central-proxy&g=ch.qos.logback&a=logback-site&v=0.9.5&e=pom, ,
logback-site,0.9.6,ch.qos.logback,central-proxy,https://repository.sonatype.org/service/local/artifact/maven/redirect?r=central-proxy&g=ch.qos.logback&a=logback-site&v=0.9.6&e=pom, ,
logback-site,0.9.7,ch.qos.logback,central-proxy,https://repository.sonatype.org/service/local/artifact/maven/redirect?r=central-proxy&g=ch.qos.logback&a=logback-site&v=0.9.7&e=pom, ,
logback-site,0.9.8,ch.qos.logback,central-proxy,https://repository.sonatype.org/service/local/artifact/maven/redirect?r=central-proxy&g=ch.qos.logback&a=logback-site&v=0.9.8&e=pom, ,
logback-site,0.9.9,ch.qos.logback,central-proxy,https://repository.sonatype.org/service/local/artifact/maven/redirect?r=central-proxy&g=ch.qos.logback&a=logback-site&v=0.9.9&e=pom, ,
logback-skin,0.6,ch.qos.logback,central-proxy,https://repository.sonatype.org/service/local/artifact/maven/redirect?r=central-proxy&g=ch.qos.logback&a=logback-skin&v=0.6&e=pom, ,
logback-skin,0.7,ch.qos.logback,central-proxy,https://repository.sonatype.org/service/local/artifact/maven/redirect?r=central-proxy&g=ch.qos.logback&a=logback-skin&v=0.7&e=pom, ,
logback-skin,0.7.1,ch.qos.logback,central-proxy,https://repository.sonatype.org/service/local/artifact/maven/redirect?r=central-proxy&g=ch.qos.logback&a=logback-skin&v=0.7.1&e=pom, ,
logback-skin,0.8,ch.qos.logback,central-proxy,https://repository.sonatype.org/service/local/artifact/maven/redirect?r=central-proxy&g=ch.qos.logback&a=logback-skin&v=0.8&e=pom, ,
logback-skin,0.8.1,ch.qos.logback,central-proxy,https://repository.sonatype.org/service/local/artifact/maven/redirect?r=central-proxy&g=ch.qos.logback&a=logback-skin&v=0.8.1&e=pom, ,
logback-skin,0.9,ch.qos.logback,central-proxy,https://repository.sonatype.org/service/local/artifact/maven/redirect?r=central-proxy&g=ch.qos.logback&a=logback-skin&v=0.9&e=pom, ,
logback-access,0.9.16,ch.qos.logback,central-proxy,https://repository.sonatype.org/service/local/artifact/maven/redirect?r=central-proxy&g=ch.qos.logback&a=logback-access&v=0.9.16&e=pom, ,
logback-classic,0.9.16,ch.qos.logback,central-proxy,https://repository.sonatype.org/service/local/artifact/maven/redirect?r=central-proxy&g=ch.qos.logback&a=logback-classic&v=0.9.16&e=pom, ,
logback-core,0.9.16,ch.qos.logback,central-proxy,https://repository.sonatype.org/service/local/artifact/maven/redirect?r=central-proxy&g=ch.qos.logback&a=logback-core&v=0.9.16&e=pom, ,
logback-examples,0.9.16,ch.qos.logback,central-proxy,https://repository.sonatype.org/service/local/artifact/maven/redirect?r=central-proxy&g=ch.qos.logback&a=logback-examples&v=0.9.16&e=pom, ,
logback-parent,0.9.16,ch.qos.logback,central-proxy,https://repository.sonatype.org/service/local/artifact/maven/redirect?r=central-proxy&g=ch.qos.logback&a=logback-parent&v=0.9.16&e=pom,SCM[scm:svn:http://svn.qos.ch/repos/logback/trunk/;http://svn.qos.ch/repos/logback/trunk/],
logback-site,0.9.16,ch.qos.logback,central-proxy,https://repository.sonatype.org/service/local/artifact/maven/redirect?r=central-proxy&g=ch.qos.logback&a=logback-site&v=0.9.16&e=pom, ,
logback-access,0.9.17,ch.qos.logback,central-proxy,https://repository.sonatype.org/service/local/artifact/maven/redirect?r=central-proxy&g=ch.qos.logback&a=logback-access&v=0.9.17&e=pom, ,
logback-classic,0.9.17,ch.qos.logback,central-proxy,https://repository.sonatype.org/service/local/artifact/maven/redirect?r=central-proxy&g=ch.qos.logback&a=logback-classic&v=0.9.17&e=pom, ,
logback-core,0.9.17,ch.qos.logback,central-proxy,https://repository.sonatype.org/service/local/artifact/maven/redirect?r=central-proxy&g=ch.qos.logback&a=logback-core&v=0.9.17&e=pom, ,
logback-examples,0.9.17,ch.qos.logback,central-proxy,https://repository.sonatype.org/service/local/artifact/maven/redirect?r=central-proxy&g=ch.qos.logback&a=logback-examples&v=0.9.17&e=pom, ,
logback-parent,0.9.17,ch.qos.logback,central-proxy,https://repository.sonatype.org/service/local/artifact/maven/redirect?r=central-proxy&g=ch.qos.logback&a=logback-parent&v=0.9.17&e=pom,SCM[scm:svn:http://svn.qos.ch/repos/logback/trunk/;http://svn.qos.ch/repos/logback/trunk/],
logback-site,0.9.17,ch.qos.logback,central-proxy,https://repository.sonatype.org/service/local/artifact/maven/redirect?r=central-proxy&g=ch.qos.logback&a=logback-site&v=0.9.17&e=pom, ,
logback-access,0.9.18,ch.qos.logback,central-proxy,https://repository.sonatype.org/service/local/artifact/maven/redirect?r=central-proxy&g=ch.qos.logback&a=logback-access&v=0.9.18&e=pom, ,
logback-classic,0.9.18,ch.qos.logback,central-proxy,https://repository.sonatype.org/service/local/artifact/maven/redirect?r=central-proxy&g=ch.qos.logback&a=logback-classic&v=0.9.18&e=pom, ,
logback-core,0.9.18,ch.qos.logback,central-proxy,https://repository.sonatype.org/service/local/artifact/maven/redirect?r=central-proxy&g=ch.qos.logback&a=logback-core&v=0.9.18&e=pom, ,
logback-examples,0.9.18,ch.qos.logback,central-proxy,https://repository.sonatype.org/service/local/artifact/maven/redirect?r=central-proxy&g=ch.qos.logback&a=logback-examples&v=0.9.18&e=pom, ,
logback-parent,0.9.18,ch.qos.logback,central-proxy,https://repository.sonatype.org/service/local/artifact/maven/redirect?r=central-proxy&g=ch.qos.logback&a=logback-parent&v=0.9.18&e=pom,SCM[scm:svn:http://svn.qos.ch/repos/logback/trunk/;http://svn.qos.ch/repos/logback/trunk/],
logback-site,0.9.18,ch.qos.logback,central-proxy,https://repository.sonatype.org/service/local/artifact/maven/redirect?r=central-proxy&g=ch.qos.logback&a=logback-site&v=0.9.18&e=pom, ,
logback-access,0.9.19,ch.qos.logback,central-proxy,https://repository.sonatype.org/service/local/artifact/maven/redirect?r=central-proxy&g=ch.qos.logback&a=logback-access&v=0.9.19&e=pom, ,
logback-classic,0.9.19,ch.qos.logback,central-proxy,https://repository.sonatype.org/service/local/artifact/maven/redirect?r=central-proxy&g=ch.qos.logback&a=logback-classic&v=0.9.19&e=pom, ,
logback-core,0.9.19,ch.qos.logback,central-proxy,https://repository.sonatype.org/service/local/artifact/maven/redirect?r=central-proxy&g=ch.qos.logback&a=logback-core&v=0.9.19&e=pom, ,
logback-examples,0.9.19,ch.qos.logback,central-proxy,https://repository.sonatype.org/service/local/artifact/maven/redirect?r=central-proxy&g=ch.qos.logback&a=logback-examples&v=0.9.19&e=pom, ,
logback-parent,0.9.19,ch.qos.logback,central-proxy,https://repository.sonatype.org/service/local/artifact/maven/redirect?r=central-proxy&g=ch.qos.logback&a=logback-parent&v=0.9.19&e=pom,SCM[scm:svn:http://svn.qos.ch/repos/logback/trunk/;http://svn.qos.ch/repos/logback/trunk/],
logback-site,0.9.19,ch.qos.logback,central-proxy,https://repository.sonatype.org/service/local/artifact/maven/redirect?r=central-proxy&g=ch.qos.logback&a=logback-site&v=0.9.19&e=pom, ,
logback-parent,0.6,ch.qos.logback,central-proxy,https://repository.sonatype.org/service/local/artifact/maven/redirect?r=central-proxy&g=ch.qos.logback&a=logback-parent&v=0.6&e=pom,SCM[scm:svn:https://svn.qos.ch/repos/logback/tags/logback-parent-0.6;https://svn.qos.ch/repos/logback/tags/logback-parent-0.6],
logback-parent,0.7,ch.qos.logback,central-proxy,https://repository.sonatype.org/service/local/artifact/maven/redirect?r=central-proxy&g=ch.qos.logback&a=logback-parent&v=0.7&e=pom,SCM[scm:svn:https://svn.qos.ch/repos/logback/trunk/;https://svn.qos.ch/repos/logback/trunk/],
logback-parent,0.7.1,ch.qos.logback,central-proxy,https://repository.sonatype.org/service/local/artifact/maven/redirect?r=central-proxy&g=ch.qos.logback&a=logback-parent&v=0.7.1&e=pom,SCM[scm:svn:https://svn.qos.ch/repos/logback/trunk/;https://svn.qos.ch/repos/logback/trunk/],
logback-parent,0.8,ch.qos.logback,central-proxy,https://repository.sonatype.org/service/local/artifact/maven/redirect?r=central-proxy&g=ch.qos.logback&a=logback-parent&v=0.8&e=pom,SCM[scm:svn:https://svn.qos.ch/repos/logback/trunk/;https://svn.qos.ch/repos/logback/trunk/],
logback-parent,0.8.1,ch.qos.logback,central-proxy,https://repository.sonatype.org/service/local/artifact/maven/redirect?r=central-proxy&g=ch.qos.logback&a=logback-parent&v=0.8.1&e=pom,SCM[scm:svn:http://svn.qos.ch/repos/logback/trunk/;http://svn.qos.ch/repos/logback/trunk/],
logback-parent,0.9,ch.qos.logback,central-proxy,https://repository.sonatype.org/service/local/artifact/maven/redirect?r=central-proxy&g=ch.qos.logback&a=logback-parent&v=0.9&e=pom,SCM[scm:svn:http://svn.qos.ch/repos/logback/trunk/;http://svn.qos.ch/repos/logback/trunk/],
logback-parent,0.9.1,ch.qos.logback,central-proxy,https://repository.sonatype.org/service/local/artifact/maven/redirect?r=central-proxy&g=ch.qos.logback&a=logback-parent&v=0.9.1&e=pom,SCM[scm:svn:http://svn.qos.ch/repos/logback/trunk/;http://svn.qos.ch/repos/logback/trunk/],
logback-parent,0.9.2,ch.qos.logback,central-proxy,https://repository.sonatype.org/service/local/artifact/maven/redirect?r=central-proxy&g=ch.qos.logback&a=logback-parent&v=0.9.2&e=pom,SCM[scm:svn:http://svn.qos.ch/repos/logback/trunk/;http://svn.qos.ch/repos/logback/trunk/],
logback-parent,0.9.3,ch.qos.logback,central-proxy,https://repository.sonatype.org/service/local/artifact/maven/redirect?r=central-proxy&g=ch.qos.logback&a=logback-parent&v=0.9.3&e=pom,SCM[scm:svn:http://svn.qos.ch/repos/logback/trunk/;http://svn.qos.ch/repos/logback/trunk/],
logback-parent,0.9.4,ch.qos.logback,central-proxy,https://repository.sonatype.org/service/local/artifact/maven/redirect?r=central-proxy&g=ch.qos.logback&a=logback-parent&v=0.9.4&e=pom,SCM[scm:svn:http://svn.qos.ch/repos/logback/trunk/;http://svn.qos.ch/repos/logback/trunk/],
logback-parent,0.9.5,ch.qos.logback,central-proxy,https://repository.sonatype.org/service/local/artifact/maven/redirect?r=central-proxy&g=ch.qos.logback&a=logback-parent&v=0.9.5&e=pom,SCM[scm:svn:http://svn.qos.ch/repos/logback/trunk/;http://svn.qos.ch/repos/logback/trunk/],
logback-parent,0.9.6,ch.qos.logback,central-proxy,https://repository.sonatype.org/service/local/artifact/maven/redirect?r=central-proxy&g=ch.qos.logback&a=logback-parent&v=0.9.6&e=pom,SCM[scm:svn:http://svn.qos.ch/repos/logback/trunk/;http://svn.qos.ch/repos/logback/trunk/],
logback-parent,0.9.7,ch.qos.logback,central-proxy,https://repository.sonatype.org/service/local/artifact/maven/redirect?r=central-proxy&g=ch.qos.logback&a=logback-parent&v=0.9.7&e=pom,SCM[scm:svn:http://svn.qos.ch/repos/logback/trunk/;http://svn.qos.ch/repos/logback/trunk/],
logback-access,0.9.20,ch.qos.logback,central-proxy,https://repository.sonatype.org/service/local/artifact/maven/redirect?r=central-proxy&g=ch.qos.logback&a=logback-access&v=0.9.20&e=pom, ,
logback-classic,0.9.20,ch.qos.logback,central-proxy,https://repository.sonatype.org/service/local/artifact/maven/redirect?r=central-proxy&g=ch.qos.logback&a=logback-classic&v=0.9.20&e=pom, ,
logback-core,0.9.20,ch.qos.logback,central-proxy,https://repository.sonatype.org/service/local/artifact/maven/redirect?r=central-proxy&g=ch.qos.logback&a=logback-core&v=0.9.20&e=pom, ,
logback-examples,0.9.20,ch.qos.logback,central-proxy,https://repository.sonatype.org/service/local/artifact/maven/redirect?r=central-proxy&g=ch.qos.logback&a=logback-examples&v=0.9.20&e=pom, ,
logback-parent,0.9.20,ch.qos.logback,central-proxy,https://repository.sonatype.org/service/local/artifact/maven/redirect?r=central-proxy&g=ch.qos.logback&a=logback-parent&v=0.9.20&e=pom,SCM[scm:svn:http://svn.qos.ch/repos/logback/trunk/;http://svn.qos.ch/repos/logback/trunk/],
logback-site,0.9.20,ch.qos.logback,central-proxy,https://repository.sonatype.org/service/local/artifact/maven/redirect?r=central-proxy&g=ch.qos.logback&a=logback-site&v=0.9.20&e=pom, ,
logback-access,0.9.21,ch.qos.logback,central-proxy,https://repository.sonatype.org/service/local/artifact/maven/redirect?r=central-proxy&g=ch.qos.logback&a=logback-access&v=0.9.21&e=pom, ,
logback-classic,0.9.21,ch.qos.logback,central-proxy,https://repository.sonatype.org/service/local/artifact/maven/redirect?r=central-proxy&g=ch.qos.logback&a=logback-classic&v=0.9.21&e=pom, ,
logback-core,0.9.21,ch.qos.logback,central-proxy,https://repository.sonatype.org/service/local/artifact/maven/redirect?r=central-proxy&g=ch.qos.logback&a=logback-core&v=0.9.21&e=pom, ,
logback-examples,0.9.21,ch.qos.logback,central-proxy,https://repository.sonatype.org/service/local/artifact/maven/redirect?r=central-proxy&g=ch.qos.logback&a=logback-examples&v=0.9.21&e=pom, ,
logback-parent,0.9.21,ch.qos.logback,central-proxy,https://repository.sonatype.org/service/local/artifact/maven/redirect?r=central-proxy&g=ch.qos.logback&a=logback-parent&v=0.9.21&e=pom,SCM[scm:svn:http://svn.qos.ch/repos/logback/trunk/;http://svn.qos.ch/repos/logback/trunk/],
logback-site,0.9.21,ch.qos.logback,central-proxy,https://repository.sonatype.org/service/local/artifact/maven/redirect?r=central-proxy&g=ch.qos.logback&a=logback-site&v=0.9.21&e=pom, ,
logback-access,0.9.22,ch.qos.logback,central-proxy,https://repository.sonatype.org/service/local/artifact/maven/redirect?r=central-proxy&g=ch.qos.logback&a=logback-access&v=0.9.22&e=pom, ,
logback-classic,0.9.22,ch.qos.logback,central-proxy,https://repository.sonatype.org/service/local/artifact/maven/redirect?r=central-proxy&g=ch.qos.logback&a=logback-classic&v=0.9.22&e=pom, ,
logback-core,0.9.22,ch.qos.logback,central-proxy,https://repository.sonatype.org/service/local/artifact/maven/redirect?r=central-proxy&g=ch.qos.logback&a=logback-core&v=0.9.22&e=pom, ,
logback-examples,0.9.22,ch.qos.logback,central-proxy,https://repository.sonatype.org/service/local/artifact/maven/redirect?r=central-proxy&g=ch.qos.logback&a=logback-examples&v=0.9.22&e=pom, ,
logback-parent,0.9.22,ch.qos.logback,central-proxy,https://repository.sonatype.org/service/local/artifact/maven/redirect?r=central-proxy&g=ch.qos.logback&a=logback-parent&v=0.9.22&e=pom,SCM[scm:svn:http://svn.qos.ch/repos/logback/trunk/;http://svn.qos.ch/repos/logback/trunk/],
logback-site,0.9.22,ch.qos.logback,central-proxy,https://repository.sonatype.org/service/local/artifact/maven/redirect?r=central-proxy&g=ch.qos.logback&a=logback-site&v=0.9.22&e=pom, ,
logback-access,0.9.23,ch.qos.logback,central-proxy,https://repository.sonatype.org/service/local/artifact/maven/redirect?r=central-proxy&g=ch.qos.logback&a=logback-access&v=0.9.23&e=pom, ,
logback-access,0.9.24,ch.qos.logback,central-proxy,https://repository.sonatype.org/service/local/artifact/maven/redirect?r=central-proxy&g=ch.qos.logback&a=logback-access&v=0.9.24&e=pom, ,
logback-classic,0.9.23,ch.qos.logback,central-proxy,https://repository.sonatype.org/service/local/artifact/maven/redirect?r=central-proxy&g=ch.qos.logback&a=logback-classic&v=0.9.23&e=pom, ,
logback-classic,0.9.24,ch.qos.logback,central-proxy,https://repository.sonatype.org/service/local/artifact/maven/redirect?r=central-proxy&g=ch.qos.logback&a=logback-classic&v=0.9.24&e=pom, ,
logback-core,0.9.23,ch.qos.logback,central-proxy,https://repository.sonatype.org/service/local/artifact/maven/redirect?r=central-proxy&g=ch.qos.logback&a=logback-core&v=0.9.23&e=pom, ,
logback-core,0.9.24,ch.qos.logback,central-proxy,https://repository.sonatype.org/service/local/artifact/maven/redirect?r=central-proxy&g=ch.qos.logback&a=logback-core&v=0.9.24&e=pom, ,
logback-examples,0.9.23,ch.qos.logback,central-proxy,https://repository.sonatype.org/service/local/artifact/maven/redirect?r=central-proxy&g=ch.qos.logback&a=logback-examples&v=0.9.23&e=pom, ,
logback-examples,0.9.24,ch.qos.logback,central-proxy,https://repository.sonatype.org/service/local/artifact/maven/redirect?r=central-proxy&g=ch.qos.logback&a=logback-examples&v=0.9.24&e=pom, ,
logback-parent,0.9.23,ch.qos.logback,central-proxy,https://repository.sonatype.org/service/local/artifact/maven/redirect?r=central-proxy&g=ch.qos.logback&a=logback-parent&v=0.9.23&e=pom,SCM[scm:svn:http://svn.qos.ch/repos/logback/trunk/;http://svn.qos.ch/repos/logback/trunk/],
logback-parent,0.9.24,ch.qos.logback,central-proxy,https://repository.sonatype.org/service/local/artifact/maven/redirect?r=central-proxy&g=ch.qos.logback&a=logback-parent&v=0.9.24&e=pom,SCM[scm:svn:http://svn.qos.ch/repos/logback/trunk/;http://svn.qos.ch/repos/logback/trunk/],
logback-site,0.9.23,ch.qos.logback,central-proxy,https://repository.sonatype.org/service/local/artifact/maven/redirect?r=central-proxy&g=ch.qos.logback&a=logback-site&v=0.9.23&e=pom, ,
logback-site,0.9.24,ch.qos.logback,central-proxy,https://repository.sonatype.org/service/local/artifact/maven/redirect?r=central-proxy&g=ch.qos.logback&a=logback-site&v=0.9.24&e=pom, ,
logback-access,0.9.25,ch.qos.logback,central-proxy,https://repository.sonatype.org/service/local/artifact/maven/redirect?r=central-proxy&g=ch.qos.logback&a=logback-access&v=0.9.25&e=pom, ,
logback-classic,0.9.25,ch.qos.logback,central-proxy,https://repository.sonatype.org/service/local/artifact/maven/redirect?r=central-proxy&g=ch.qos.logback&a=logback-classic&v=0.9.25&e=pom, ,
logback-core,0.9.25,ch.qos.logback,central-proxy,https://repository.sonatype.org/service/local/artifact/maven/redirect?r=central-proxy&g=ch.qos.logback&a=logback-core&v=0.9.25&e=pom, ,
logdistiller,1.0,net.sf.logdistiller,central-proxy,https://repository.sonatype.org/service/local/artifact/maven/redirect?r=central-proxy&g=net.sf.logdistiller&a=logdistiller&v=1.0&e=pom,SCM[scm:cvs:pserver:anonymous@logdistiller.cvs.sourceforge.net:/cvsroot/logdistiller:logdistiller;http://logdistiller.cvs.sourceforge.net/logdistiller/logdistiller],
logdistiller,1.1,net.sf.logdistiller,central-proxy,https://repository.sonatype.org/service/local/artifact/maven/redirect?r=central-proxy&g=net.sf.logdistiller&a=logdistiller&v=1.1&e=pom,SCM[scm:cvs:pserver:anonymous@logdistiller.cvs.sourceforge.net:/cvsroot/logdistiller:logdistiller;http://logdistiller.cvs.sourceforge.net/logdistiller/logdistiller],
logdistiller,0.9,net.sf.logdistiller,central-proxy,https://repository.sonatype.org/service/local/artifact/maven/redirect?r=central-proxy&g=net.sf.logdistiller&a=logdistiller&v=0.9&e=pom,SCM[scm:cvs:pserver:anonymous@logdistiller.cvs.sourceforge.net:/cvsroot/logdistiller:logdistiller;http://logdistiller.cvs.sourceforge.net/logdistiller/logdistiller],
logdb,1.0.0,com.jolira.logdb,central-proxy,https://repository.sonatype.org/service/local/artifact/maven/redirect?r=central-proxy&g=com.jolira.logdb&a=logdb&v=1.0.0&e=pom,SCM[scm:svn:http://jolira-tools.googlecode.com/svn/logdb/tags/logdb-1.0.0;http://jolira-tools.googlecode.com/svn/logdb/tags/logdb-1.0.0],
logdb,1.0.1,com.jolira.logdb,central-proxy,https://repository.sonatype.org/service/local/artifact/maven/redirect?r=central-proxy&g=com.jolira.logdb&a=logdb&v=1.0.1&e=pom,SCM[scm:svn:http://jolira-tools.googlecode.com/svn/logdb/tags/logdb-1.0.1;http://jolira-tools.googlecode.com/svn/logdb/tags/logdb-1.0.1],
logdb,1.0.2,com.jolira.logdb,central-proxy,https://repository.sonatype.org/service/local/artifact/maven/redirect?r=central-proxy&g=com.jolira.logdb&a=logdb&v=1.0.2&e=pom,SCM[scm:svn:http://jolira-tools.googlecode.com/svn/logdb/tags/logdb-1.0.2;http://jolira-tools.googlecode.com/svn/logdb/tags/logdb-1.0.2],
logdb,1.0.3,com.jolira.logdb,central-proxy,https://repository.sonatype.org/service/local/artifact/maven/redirect?r=central-proxy&g=com.jolira.logdb&a=logdb&v=1.0.3&e=pom,SCM[scm:svn:http://jolira-tools.googlecode.com/svn/logdb/tags/logdb-1.0.3;http://jolira-tools.googlecode.com/svn/logdb/tags/logdb-1.0.3],
logdb,1.0.4,com.jolira.logdb,central-proxy,https://repository.sonatype.org/service/local/artifact/maven/redirect?r=central-proxy&g=com.jolira.logdb&a=logdb&v=1.0.4&e=pom,SCM[scm:svn:http://jolira-tools.googlecode.com/svn/logdb/tags/logdb-1.0.4;http://jolira-tools.googlecode.com/svn/logdb/tags/logdb-1.0.4],
logdb,1.0.12,com.jolira.logdb,central-proxy,https://repository.sonatype.org/service/local/artifact/maven/redirect?r=central-proxy&g=com.jolira.logdb&a=logdb&v=1.0.12&e=pom,SCM[scm:svn:http://jolira-tools.googlecode.com/svn/logdb/tags/logdb-1.0.12;http://jolira-tools.googlecode.com/svn/logdb/tags/logdb-1.0.12],
logdb,1.0.13,com.jolira.logdb,central-proxy,https://repository.sonatype.org/service/local/artifact/maven/redirect?r=central-proxy&g=com.jolira.logdb&a=logdb&v=1.0.13&e=pom,SCM[scm:svn:http://jolira-tools.googlecode.com/svn/logdb/tags/logdb-1.0.13;http://jolira-tools.googlecode.com/svn/logdb/tags/logdb-1.0.13],
logdb,1.0.14,com.jolira.logdb,central-proxy,https://repository.sonatype.org/service/local/artifact/maven/redirect?r=central-proxy&g=com.jolira.logdb&a=logdb&v=1.0.14&e=pom,SCM[scm:svn:http://jolira-tools.googlecode.com/svn/logdb/tags/logdb-1.0.14;http://jolira-tools.googlecode.com/svn/logdb/tags/logdb-1.0.14],
logdb,1.0.15,com.jolira.logdb,central-proxy,https://repository.sonatype.org/service/local/artifact/maven/redirect?r=central-proxy&g=com.jolira.logdb&a=logdb&v=1.0.15&e=pom,SCM[scm:svn:http://jolira-tools.googlecode.com/svn/logdb/tags/logdb-1.0.15;http://jolira-tools.googlecode.com/svn/logdb/tags/logdb-1.0.15],
logdb,1.0.17,com.jolira.logdb,central-proxy,https://repository.sonatype.org/service/local/artifact/maven/redirect?r=central-proxy&g=com.jolira.logdb&a=logdb&v=1.0.17&e=pom,SCM[scm:svn:http://jolira-tools.googlecode.com/svn/logdb/tags/logdb-1.0.17;http://jolira-tools.googlecode.com/svn/logdb/tags/logdb-1.0.17],
logdb,1.0.18,com.jolira.logdb,central-proxy,https://repository.sonatype.org/service/local/artifact/maven/redirect?r=central-proxy&g=com.jolira.logdb&a=logdb&v=1.0.18&e=pom,SCM[scm:svn:http://jolira-tools.googlecode.com/svn/logdb/tags/logdb-1.0.18;http://jolira-tools.googlecode.com/svn/logdb/tags/logdb-1.0.18],
logdb,1.0.19,com.jolira.logdb,central-proxy,https://repository.sonatype.org/service/local/artifact/maven/redirect?r=central-proxy&g=com.jolira.logdb&a=logdb&v=1.0.19&e=pom,SCM[scm:svn:http://jolira-tools.googlecode.com/svn/logdb/tags/logdb-1.0.19;http://jolira-tools.googlecode.com/svn/logdb/tags/logdb-1.0.19],
logeek-maven-plugin,0.0.1,fr.loof.logeek,central-proxy,https://repository.sonatype.org/service/local/artifact/maven/redirect?r=central-proxy&g=fr.loof.logeek&a=logeek-maven-plugin&v=0.0.1&e=pom,SCM[scm:svn:http://loof.googlecode.com/svn/logeek/tags/logeek-maven-plugin-0.0.1;http://code.google.com/p/loof/source/browse/#svn/logeek/tags/logeek-maven-plugin-0.0.1],
logfacade,1.1.1,com.jworx.logfacade,central-proxy,https://repository.sonatype.org/service/local/artifact/maven/redirect?r=central-proxy&g=com.jworx.logfacade&a=logfacade&v=1.1.1&e=pom,SCM[http://logfacade.googlecode.com/svn/trunk/;http://logfacade.googlecode.com/svn/trunk/],
logfacade,1.0,com.jworx.logfacade,central-proxy,https://repository.sonatype.org/service/local/artifact/maven/redirect?r=central-proxy&g=com.jworx.logfacade&a=logfacade&v=1.0&e=pom,SCM[http://logfacade.googlecode.com/svn/trunk/;http://logfacade.googlecode.com/svn/trunk/],
lingo,1.2,org.logicblaze.lingo,central-proxy,https://repository.sonatype.org/service/local/artifact/maven/redirect?r=central-proxy&g=org.logicblaze.lingo&a=lingo&v=1.2&e=pom, ,
logkit,1.0.1,logkit,central-proxy,https://repository.sonatype.org/service/local/artifact/maven/redirect?r=central-proxy&g=logkit&a=logkit&v=1.0.1&e=pom, ,
logkit,1.2,logkit,central-proxy,https://repository.sonatype.org/service/local/artifact/maven/redirect?r=central-proxy&g=logkit&a=logkit&v=1.2&e=pom, ,
logkit,1.2.2,logkit,central-proxy,https://repository.sonatype.org/service/local/artifact/maven/redirect?r=central-proxy&g=logkit&a=logkit&v=1.2.2&e=pom, ,
logkit,1.3-RC1,logkit,central-proxy,https://repository.sonatype.org/service/local/artifact/maven/redirect?r=central-proxy&g=logkit&a=logkit&v=1.3-RC1&e=pom, ,
logkit,2.0,logkit,central-proxy,https://repository.sonatype.org/service/local/artifact/maven/redirect?r=central-proxy&g=logkit&a=logkit&v=2.0&e=pom, ,
logkit,1.3,logkit,central-proxy,https://repository.sonatype.org/service/local/artifact/maven/redirect?r=central-proxy&g=logkit&a=logkit&v=1.3&e=pom, ,
logkit,20020529,logkit,central-proxy,https://repository.sonatype.org/service/local/artifact/maven/redirect?r=central-proxy&g=logkit&a=logkit&v=20020529&e=pom, ,
logserver-standalone,1.1.0,org.coosproject,central-proxy,https://repository.sonatype.org/service/local/artifact/maven/redirect?r=central-proxy&g=org.coosproject&a=logserver-standalone&v=1.1.0&e=pom, ,
logserver-api,1.1.0,org.coosproject.plugins,central-proxy,https://repository.sonatype.org/service/local/artifact/maven/redirect?r=central-proxy&g=org.coosproject.plugins&a=logserver-api&v=1.1.0&e=pom, ,
logserver-impl,1.1.0,org.coosproject.plugins,central-proxy,https://repository.sonatype.org/service/local/artifact/maven/redirect?r=central-proxy&g=org.coosproject.plugins&a=logserver-impl&v=1.1.0&e=pom, ,
logserver-standalone,1.2.0,org.coosproject,central-proxy,https://repository.sonatype.org/service/local/artifact/maven/redirect?r=central-proxy&g=org.coosproject&a=logserver-standalone&v=1.2.0&e=pom, ,
logserver-api,1.2.0,org.coosproject.plugins,central-proxy,https://repository.sonatype.org/service/local/artifact/maven/redirect?r=central-proxy&g=org.coosproject.plugins&a=logserver-api&v=1.2.0&e=pom, ,
logserver-config,1.2.0,org.coosproject.plugins,central-proxy,https://repository.sonatype.org/service/local/artifact/maven/redirect?r=central-proxy&g=org.coosproject.plugins&a=logserver-config&v=1.2.0&e=pom, ,
logserver-impl,1.2.0,org.coosproject.plugins,central-proxy,https://repository.sonatype.org/service/local/artifact/maven/redirect?r=central-proxy&g=org.coosproject.plugins&a=logserver-impl&v=1.2.0&e=pom, ,
logserver-standalone,1.2.1,org.coosproject,central-proxy,https://repository.sonatype.org/service/local/artifact/maven/redirect?r=central-proxy&g=org.coosproject&a=logserver-standalone&v=1.2.1&e=pom, ,
logserver-api,1.2.1,org.coosproject.plugins,central-proxy,https://repository.sonatype.org/service/local/artifact/maven/redirect?r=central-proxy&g=org.coosproject.plugins&a=logserver-api&v=1.2.1&e=pom, ,
logserver-config,1.2.1,org.coosproject.plugins,central-proxy,https://repository.sonatype.org/service/local/artifact/maven/redirect?r=central-proxy&g=org.coosproject.plugins&a=logserver-config&v=1.2.1&e=pom, ,
logserver-impl,1.2.1,org.coosproject.plugins,central-proxy,https://repository.sonatype.org/service/local/artifact/maven/redirect?r=central-proxy&g=org.coosproject.plugins&a=logserver-impl&v=1.2.1&e=pom, ,
logserver-standalone,1.2.2,org.coosproject,central-proxy,https://repository.sonatype.org/service/local/artifact/maven/redirect?r=central-proxy&g=org.coosproject&a=logserver-standalone&v=1.2.2&e=pom, ,
logserver-api,1.2.2,org.coosproject.plugins,central-proxy,https://repository.sonatype.org/service/local/artifact/maven/redirect?r=central-proxy&g=org.coosproject.plugins&a=logserver-api&v=1.2.2&e=pom, ,
logserver-config,1.2.2,org.coosproject.plugins,central-proxy,https://repository.sonatype.org/service/local/artifact/maven/redirect?r=central-proxy&g=org.coosproject.plugins&a=logserver-config&v=1.2.2&e=pom, ,
logserver-impl,1.2.2,org.coosproject.plugins,central-proxy,https://repository.sonatype.org/service/local/artifact/maven/redirect?r=central-proxy&g=org.coosproject.plugins&a=logserver-impl&v=1.2.2&e=pom, ,
logserver-standalone,1.2.3,org.coosproject,central-proxy,https://repository.sonatype.org/service/local/artifact/maven/redirect?r=central-proxy&g=org.coosproject&a=logserver-standalone&v=1.2.3&e=pom, ,
logserver-api,1.2.3,org.coosproject.plugins,central-proxy,https://repository.sonatype.org/service/local/artifact/maven/redirect?r=central-proxy&g=org.coosproject.plugins&a=logserver-api&v=1.2.3&e=pom, ,
logserver-config,1.2.3,org.coosproject.plugins,central-proxy,https://repository.sonatype.org/service/local/artifact/maven/redirect?r=central-proxy&g=org.coosproject.plugins&a=logserver-config&v=1.2.3&e=pom, ,
logserver-impl,1.2.3,org.coosproject.plugins,central-proxy,https://repository.sonatype.org/service/local/artifact/maven/redirect?r=central-proxy&g=org.coosproject.plugins&a=logserver-impl&v=1.2.3&e=pom, ,
logserver-standalone,1.2.7,org.coosproject,central-proxy,https://repository.sonatype.org/service/local/artifact/maven/redirect?r=central-proxy&g=org.coosproject&a=logserver-standalone&v=1.2.7&e=pom, ,
logserver-api,1.2.7,org.coosproject.plugins,central-proxy,https://repository.sonatype.org/service/local/artifact/maven/redirect?r=central-proxy&g=org.coosproject.plugins&a=logserver-api&v=1.2.7&e=pom, ,
logserver-config,1.2.7,org.coosproject.plugins,central-proxy,https://repository.sonatype.org/service/local/artifact/maven/redirect?r=central-proxy&g=org.coosproject.plugins&a=logserver-config&v=1.2.7&e=pom, ,
logserver-impl,1.2.7,org.coosproject.plugins,central-proxy,https://repository.sonatype.org/service/local/artifact/maven/redirect?r=central-proxy&g=org.coosproject.plugins&a=logserver-impl&v=1.2.7&e=pom, ,
logserver-standalone,1.2.8,org.coosproject,central-proxy,https://repository.sonatype.org/service/local/artifact/maven/redirect?r=central-proxy&g=org.coosproject&a=logserver-standalone&v=1.2.8&e=pom, ,
logserver-standalone,1.2.9,org.coosproject,central-proxy,https://repository.sonatype.org/service/local/artifact/maven/redirect?r=central-proxy&g=org.coosproject&a=logserver-standalone&v=1.2.9&e=pom, ,
logserver-api,1.2.8,org.coosproject.plugins,central-proxy,https://repository.sonatype.org/service/local/artifact/maven/redirect?r=central-proxy&g=org.coosproject.plugins&a=logserver-api&v=1.2.8&e=pom, ,
logserver-api,1.2.9,org.coosproject.plugins,central-proxy,https://repository.sonatype.org/service/local/artifact/maven/redirect?r=central-proxy&g=org.coosproject.plugins&a=logserver-api&v=1.2.9&e=pom, ,
logserver-config,1.2.8,org.coosproject.plugins,central-proxy,https://repository.sonatype.org/service/local/artifact/maven/redirect?r=central-proxy&g=org.coosproject.plugins&a=logserver-config&v=1.2.8&e=pom, ,
logserver-config,1.2.9,org.coosproject.plugins,central-proxy,https://repository.sonatype.org/service/local/artifact/maven/redirect?r=central-proxy&g=org.coosproject.plugins&a=logserver-config&v=1.2.9&e=pom, ,
logserver-impl,1.2.8,org.coosproject.plugins,central-proxy,https://repository.sonatype.org/service/local/artifact/maven/redirect?r=central-proxy&g=org.coosproject.plugins&a=logserver-impl&v=1.2.8&e=pom, ,
logserver-impl,1.2.9,org.coosproject.plugins,central-proxy,https://repository.sonatype.org/service/local/artifact/maven/redirect?r=central-proxy&g=org.coosproject.plugins&a=logserver-impl&v=1.2.9&e=pom, ,
logserver-standalone,1.2.10,org.coosproject,central-proxy,https://repository.sonatype.org/service/local/artifact/maven/redirect?r=central-proxy&g=org.coosproject&a=logserver-standalone&v=1.2.10&e=pom, ,
logserver-api,1.2.10,org.coosproject.plugins,central-proxy,https://repository.sonatype.org/service/local/artifact/maven/redirect?r=central-proxy&g=org.coosproject.plugins&a=logserver-api&v=1.2.10&e=pom, ,
logserver-config,1.2.10,org.coosproject.plugins,central-proxy,https://repository.sonatype.org/service/local/artifact/maven/redirect?r=central-proxy&g=org.coosproject.plugins&a=logserver-config&v=1.2.10&e=pom, ,
logserver-impl,1.2.10,org.coosproject.plugins,central-proxy,https://repository.sonatype.org/service/local/artifact/maven/redirect?r=central-proxy&g=org.coosproject.plugins&a=logserver-impl&v=1.2.10&e=pom, ,
logserver-standalone,1.3.0,org.coosproject,central-proxy,https://repository.sonatype.org/service/local/artifact/maven/redirect?r=central-proxy&g=org.coosproject&a=logserver-standalone&v=1.3.0&e=pom, ,
logserver-api,1.3.0,org.coosproject.plugins,central-proxy,https://repository.sonatype.org/service/local/artifact/maven/redirect?r=central-proxy&g=org.coosproject.plugins&a=logserver-api&v=1.3.0&e=pom, ,
logserver-config,1.3.0,org.coosproject.plugins,central-proxy,https://repository.sonatype.org/service/local/artifact/maven/redirect?r=central-proxy&g=org.coosproject.plugins&a=logserver-config&v=1.3.0&e=pom, ,
logserver-impl,1.3.0,org.coosproject.plugins,central-proxy,https://repository.sonatype.org/service/local/artifact/maven/redirect?r=central-proxy&g=org.coosproject.plugins&a=logserver-impl&v=1.3.0&e=pom, ,
logserver-standalone,1.3.1,org.coosproject,central-proxy,https://repository.sonatype.org/service/local/artifact/maven/redirect?r=central-proxy&g=org.coosproject&a=logserver-standalone&v=1.3.1&e=pom, ,
logserver-api,1.3.1,org.coosproject.plugins,central-proxy,https://repository.sonatype.org/service/local/artifact/maven/redirect?r=central-proxy&g=org.coosproject.plugins&a=logserver-api&v=1.3.1&e=pom, ,
logserver-config,1.3.1,org.coosproject.plugins,central-proxy,https://repository.sonatype.org/service/local/artifact/maven/redirect?r=central-proxy&g=org.coosproject.plugins&a=logserver-config&v=1.3.1&e=pom, ,
logserver-impl,1.3.1,org.coosproject.plugins,central-proxy,https://repository.sonatype.org/service/local/artifact/maven/redirect?r=central-proxy&g=org.coosproject.plugins&a=logserver-impl&v=1.3.1&e=pom, ,
logtypes,1.0,net.sf.logdistiller,central-proxy,https://repository.sonatype.org/service/local/artifact/maven/redirect?r=central-proxy&g=net.sf.logdistiller&a=logtypes&v=1.0&e=pom,SCM[scm:svn:http://logdistiller.svn.sourceforge.net/svnroot/logdistiller/extensions/tags/logtypes-1.0;http://logdistiller.svn.sourceforge.net/viewvc/logdistiller/extensions/tags/logtypes-1.0],
lombok-plugin,0.1,de.plushnikov.lombok-intellij-plugin,central-proxy,https://repository.sonatype.org/service/local/artifact/maven/redirect?r=central-proxy&g=de.plushnikov.lombok-intellij-plugin&a=lombok-plugin&v=0.1&e=pom, ,
lombok-maven,0.9.3.1,org.projectlombok,central-proxy,https://repository.sonatype.org/service/local/artifact/maven/redirect?r=central-proxy&g=org.projectlombok&a=lombok-maven&v=0.9.3.1&e=pom,SCM[scm:git:git://github.com/awhitford/lombok.maven.git;http://github.com/awhitford/lombok.maven/tree/master/],
lombok,0.9.3,org.projectlombok,central-proxy,https://repository.sonatype.org/service/local/artifact/maven/redirect?r=central-proxy&g=org.projectlombok&a=lombok&v=0.9.3&e=pom,SCM[scm:git:git://github.com/rzwitserloot/lombok.git;scm:git:git://github.com/rzwitserloot/lombok.git],
lombok,0.10.0-RC1,org.projectlombok,central-proxy,https://repository.sonatype.org/service/local/artifact/maven/redirect?r=central-proxy&g=org.projectlombok&a=lombok&v=0.10.0-RC1&e=pom,SCM[scm:git:git://github.com/rzwitserloot/lombok.git;http://github.com/rzwitserloot/lombok],
lombok,0.10.0-RC3,org.projectlombok,central-proxy,https://repository.sonatype.org/service/local/artifact/maven/redirect?r=central-proxy&g=org.projectlombok&a=lombok&v=0.10.0-RC3&e=pom,SCM[scm:git:git://github.com/rzwitserloot/lombok.git;http://github.com/rzwitserloot/lombok],
lombok,0.10.0,org.projectlombok,central-proxy,https://repository.sonatype.org/service/local/artifact/maven/redirect?r=central-proxy&g=org.projectlombok&a=lombok&v=0.10.0&e=pom,SCM[scm:git:git://github.com/rzwitserloot/lombok.git;http://github.com/rzwitserloot/lombok],
lombok-maven-plugin,0.10.0.0,org.projectlombok,central-proxy,https://repository.sonatype.org/service/local/artifact/maven/redirect?r=central-proxy&g=org.projectlombok&a=lombok-maven-plugin&v=0.10.0.0&e=pom, ,
lombok-maven-plugin,0.10.0.1,org.projectlombok,central-proxy,https://repository.sonatype.org/service/local/artifact/maven/redirect?r=central-proxy&g=org.projectlombok&a=lombok-maven-plugin&v=0.10.0.1&e=pom, ,
loom,1.0-beta1-dev,loom,central-proxy,https://repository.sonatype.org/service/local/artifact/maven/redirect?r=central-proxy&g=loom&a=loom&v=1.0-beta1-dev&e=pom, ,
loom,1.0-rc1,loom,central-proxy,https://repository.sonatype.org/service/local/artifact/maven/redirect?r=central-proxy&g=loom&a=loom&v=1.0-rc1&e=pom, ,
loom,1.0-rc2,loom,central-proxy,https://repository.sonatype.org/service/local/artifact/maven/redirect?r=central-proxy&g=loom&a=loom&v=1.0-rc2&e=pom, ,
loom,1.0-rc3,loom,central-proxy,https://repository.sonatype.org/service/local/artifact/maven/redirect?r=central-proxy&g=loom&a=loom&v=1.0-rc3&e=pom, ,
loom,0.8.6,org.extrema-sistemas.loom,central-proxy,https://repository.sonatype.org/service/local/artifact/maven/redirect?r=central-proxy&g=org.extrema-sistemas.loom&a=loom&v=0.8.6&e=pom,SCM[scm:svn:https://loom.svn.sourceforge.net/svnroot/loom;https://loom.svn.sourceforge.net/svnroot/loom],
loom,0.8.7,org.extrema-sistemas.loom,central-proxy,https://repository.sonatype.org/service/local/artifact/maven/redirect?r=central-proxy&g=org.extrema-sistemas.loom&a=loom&v=0.8.7&e=pom,SCM[scm:svn:https://loom.svn.sourceforge.net/svnroot/loom;https://loom.svn.sourceforge.net/svnroot/loom],
loom,0.8.8,org.extrema-sistemas.loom,central-proxy,https://repository.sonatype.org/service/local/artifact/maven/redirect?r=central-proxy&g=org.extrema-sistemas.loom&a=loom&v=0.8.8&e=pom,SCM[scm:svn:https://loom.svn.sourceforge.net/svnroot/loom;https://loom.svn.sourceforge.net/svnroot/loom],
loom,1.0,org.extrema-sistemas.loom,central-proxy,https://repository.sonatype.org/service/local/artifact/maven/redirect?r=central-proxy&g=org.extrema-sistemas.loom&a=loom&v=1.0&e=pom,SCM[scm:svn:https://loom.svn.sourceforge.net/svnroot/loom;https://loom.svn.sourceforge.net/svnroot/loom],
loom,1.0-RC1,org.extrema-sistemas.loom,central-proxy,https://repository.sonatype.org/service/local/artifact/maven/redirect?r=central-proxy&g=org.extrema-sistemas.loom&a=loom&v=1.0-RC1&e=pom,SCM[scm:svn:https://loom.svn.sourceforge.net/svnroot/loom;https://loom.svn.sourceforge.net/svnroot/loom],
loom,1.0-RC2,org.extrema-sistemas.loom,central-proxy,https://repository.sonatype.org/service/local/artifact/maven/redirect?r=central-proxy&g=org.extrema-sistemas.loom&a=loom&v=1.0-RC2&e=pom,SCM[scm:svn:https://loom.svn.sourceforge.net/svnroot/loom;https://loom.svn.sourceforge.net/svnroot/loom],
loom,1.0-RC2.1,org.extrema-sistemas.loom,central-proxy,https://repository.sonatype.org/service/local/artifact/maven/redirect?r=central-proxy&g=org.extrema-sistemas.loom&a=loom&v=1.0-RC2.1&e=pom,SCM[scm:svn:https://loom.svn.sourceforge.net/svnroot/loom;https://loom.svn.sourceforge.net/svnroot/loom],
loom,1.1,org.extrema-sistemas.loom,central-proxy,https://repository.sonatype.org/service/local/artifact/maven/redirect?r=central-proxy&g=org.extrema-sistemas.loom&a=loom&v=1.1&e=pom,SCM[scm:svn:https://loom.svn.sourceforge.net/svnroot/loom;https://loom.svn.sourceforge.net/svnroot/loom],
loom-addons,1.0,org.extrema-sistemas.loom,central-proxy,https://repository.sonatype.org/service/local/artifact/maven/redirect?r=central-proxy&g=org.extrema-sistemas.loom&a=loom-addons&v=1.0&e=pom,SCM[scm:svn:https://loom.svn.sourceforge.net/svnroot/loom;https://loom.svn.sourceforge.net/svnroot/loom],
loom-addons,1.1,org.extrema-sistemas.loom,central-proxy,https://repository.sonatype.org/service/local/artifact/maven/redirect?r=central-proxy&g=org.extrema-sistemas.loom&a=loom-addons&v=1.1&e=pom,SCM[scm:svn:https://loom.svn.sourceforge.net/svnroot/loom;https://loom.svn.sourceforge.net/svnroot/loom],
loom-tests,1.0,org.extrema-sistemas.loom,central-proxy,https://repository.sonatype.org/service/local/artifact/maven/redirect?r=central-proxy&g=org.extrema-sistemas.loom&a=loom-tests&v=1.0&e=pom,SCM[scm:svn:https://loom.svn.sourceforge.net/svnroot/loom;https://loom.svn.sourceforge.net/svnroot/loom],
loom-tests,1.1,org.extrema-sistemas.loom,central-proxy,https://repository.sonatype.org/service/local/artifact/maven/redirect?r=central-proxy&g=org.extrema-sistemas.loom&a=loom-tests&v=1.1&e=pom,SCM[scm:svn:https://loom.svn.sourceforge.net/svnroot/loom;https://loom.svn.sourceforge.net/svnroot/loom],
loom,1.5,org.extrema-sistemas.loom,central-proxy,https://repository.sonatype.org/service/local/artifact/maven/redirect?r=central-proxy&g=org.extrema-sistemas.loom&a=loom&v=1.5&e=pom,SCM[scm:svn:https://loom.svn.sourceforge.net/svnroot/loom;https://loom.svn.sourceforge.net/svnroot/loom],
loom-addons,1.5,org.extrema-sistemas.loom,central-proxy,https://repository.sonatype.org/service/local/artifact/maven/redirect?r=central-proxy&g=org.extrema-sistemas.loom&a=loom-addons&v=1.5&e=pom,SCM[scm:svn:https://loom.svn.sourceforge.net/svnroot/loom;https://loom.svn.sourceforge.net/svnroot/loom],
loom-tests,1.5,org.extrema-sistemas.loom,central-proxy,https://repository.sonatype.org/service/local/artifact/maven/redirect?r=central-proxy&g=org.extrema-sistemas.loom&a=loom-tests&v=1.5&e=pom,SCM[scm:svn:https://loom.svn.sourceforge.net/svnroot/loom;https://loom.svn.sourceforge.net/svnroot/loom],
loopy,0.4,org.kohsuke.loopy,central-proxy,https://repository.sonatype.org/service/local/artifact/maven/redirect?r=central-proxy&g=org.kohsuke.loopy&a=loopy&v=0.4&e=pom, ,
loopy,0.5,org.kohsuke.loopy,central-proxy,https://repository.sonatype.org/service/local/artifact/maven/redirect?r=central-proxy&g=org.kohsuke.loopy&a=loopy&v=0.5&e=pom, ,
loom-classman,1.0-rc2,loom,central-proxy,https://repository.sonatype.org/service/local/artifact/maven/redirect?r=central-proxy&g=loom&a=loom-classman&v=1.0-rc2&e=pom, ,
loom-classman,1.0-rc3,loom,central-proxy,https://repository.sonatype.org/service/local/artifact/maven/redirect?r=central-proxy&g=loom&a=loom-classman&v=1.0-rc3&e=pom, ,
loom-engine,1.0-rc1,loom,central-proxy,https://repository.sonatype.org/service/local/artifact/maven/redirect?r=central-proxy&g=loom&a=loom-engine&v=1.0-rc1&e=pom, ,
loom-engine,1.0-rc2,loom,central-proxy,https://repository.sonatype.org/service/local/artifact/maven/redirect?r=central-proxy&g=loom&a=loom-engine&v=1.0-rc2&e=pom, ,
loom-engine,1.0-rc3,loom,central-proxy,https://repository.sonatype.org/service/local/artifact/maven/redirect?r=central-proxy&g=loom&a=loom-engine&v=1.0-rc3&e=pom, ,
loom-extension,1.0-rc2,loom,central-proxy,https://repository.sonatype.org/service/local/artifact/maven/redirect?r=central-proxy&g=loom&a=loom-extension&v=1.0-rc2&e=pom, ,
loom-extension,1.0-rc3,loom,central-proxy,https://repository.sonatype.org/service/local/artifact/maven/redirect?r=central-proxy&g=loom&a=loom-extension&v=1.0-rc3&e=pom, ,
loom-launcher,1.0-rc1,loom,central-proxy,https://repository.sonatype.org/service/local/artifact/maven/redirect?r=central-proxy&g=loom&a=loom-launcher&v=1.0-rc1&e=pom, ,
loom-launcher,1.0-rc2,loom,central-proxy,https://repository.sonatype.org/service/local/artifact/maven/redirect?r=central-proxy&g=loom&a=loom-launcher&v=1.0-rc2&e=pom, ,
loom-launcher,1.0-rc3,loom,central-proxy,https://repository.sonatype.org/service/local/artifact/maven/redirect?r=central-proxy&g=loom&a=loom-launcher&v=1.0-rc3&e=pom, ,
loom-xmlpolicy,1.0-rc2,loom,central-proxy,https://repository.sonatype.org/service/local/artifact/maven/redirect?r=central-proxy&g=loom&a=loom-xmlpolicy&v=1.0-rc2&e=pom, ,
loom-xmlpolicy,1.0-rc3,loom,central-proxy,https://repository.sonatype.org/service/local/artifact/maven/redirect?r=central-proxy&g=loom&a=loom-xmlpolicy&v=1.0-rc3&e=pom, ,
loom-js,0.8.6,org.extrema-sistemas.loom,central-proxy,https://repository.sonatype.org/service/local/artifact/maven/redirect?r=central-proxy&g=org.extrema-sistemas.loom&a=loom-js&v=0.8.6&e=pom,SCM[scm:svn:https://loom.svn.sourceforge.net/svnroot/loom;https://loom.svn.sourceforge.net/svnroot/loom],
loom-js,0.8.7,org.extrema-sistemas.loom,central-proxy,https://repository.sonatype.org/service/local/artifact/maven/redirect?r=central-proxy&g=org.extrema-sistemas.loom&a=loom-js&v=0.8.7&e=pom,SCM[scm:svn:https://loom.svn.sourceforge.net/svnroot/loom;https://loom.svn.sourceforge.net/svnroot/loom],
loom-js,0.8.8,org.extrema-sistemas.loom,central-proxy,https://repository.sonatype.org/service/local/artifact/maven/redirect?r=central-proxy&g=org.extrema-sistemas.loom&a=loom-js&v=0.8.8&e=pom,SCM[scm:svn:https://loom.svn.sourceforge.net/svnroot/loom;https://loom.svn.sourceforge.net/svnroot/loom],
loom-js,1.0-RC1,org.extrema-sistemas.loom,central-proxy,https://repository.sonatype.org/service/local/artifact/maven/redirect?r=central-proxy&g=org.extrema-sistemas.loom&a=loom-js&v=1.0-RC1&e=pom,SCM[scm:svn:https://loom.svn.sourceforge.net/svnroot/loom;https://loom.svn.sourceforge.net/svnroot/loom],
loom-js,1.0-RC2,org.extrema-sistemas.loom,central-proxy,https://repository.sonatype.org/service/local/artifact/maven/redirect?r=central-proxy&g=org.extrema-sistemas.loom&a=loom-js&v=1.0-RC2&e=pom,SCM[scm:svn:https://loom.svn.sourceforge.net/svnroot/loom;https://loom.svn.sourceforge.net/svnroot/loom],
loremipsum,1.0,de.sven-jacobs,central-proxy,https://repository.sonatype.org/service/local/artifact/maven/redirect?r=central-proxy&g=de.sven-jacobs&a=loremipsum&v=1.0&e=pom, ,
lpa,0.3.0,com.github.trentonadams,central-proxy,https://repository.sonatype.org/service/local/artifact/maven/redirect?r=central-proxy&g=com.github.trentonadams&a=lpa&v=0.3.0&e=pom, ,
lsb,1.0,net.robertcollins,central-proxy,https://repository.sonatype.org/service/local/artifact/maven/redirect?r=central-proxy&g=net.robertcollins&a=lsb&v=1.0&e=pom, ,
lucene,1.2,lucene,central-proxy,https://repository.sonatype.org/service/local/artifact/maven/redirect?r=central-proxy&g=lucene&a=lucene&v=1.2&e=pom, ,
lucene,1.4.3,lucene,central-proxy,https://repository.sonatype.org/service/local/artifact/maven/redirect?r=central-proxy&g=lucene&a=lucene&v=1.4.3&e=pom, ,
lucis-api,0.0.1,net.sf.lucis,central-proxy,https://repository.sonatype.org/service/local/artifact/maven/redirect?r=central-proxy&g=net.sf.lucis&a=lucis-api&v=0.0.1&e=pom, ,
lucis-api,0.0.10,net.sf.lucis,central-proxy,https://repository.sonatype.org/service/local/artifact/maven/redirect?r=central-proxy&g=net.sf.lucis&a=lucis-api&v=0.0.10&e=pom, ,
lucis-api,0.0.11,net.sf.lucis,central-proxy,https://repository.sonatype.org/service/local/artifact/maven/redirect?r=central-proxy&g=net.sf.lucis&a=lucis-api&v=0.0.11&e=pom, ,
lucis-api,0.0.12,net.sf.lucis,central-proxy,https://repository.sonatype.org/service/local/artifact/maven/redirect?r=central-proxy&g=net.sf.lucis&a=lucis-api&v=0.0.12&e=pom, ,
lucis-api,0.0.13,net.sf.lucis,central-proxy,https://repository.sonatype.org/service/local/artifact/maven/redirect?r=central-proxy&g=net.sf.lucis&a=lucis-api&v=0.0.13&e=pom, ,
lucis-api,0.0.2,net.sf.lucis,central-proxy,https://repository.sonatype.org/service/local/artifact/maven/redirect?r=central-proxy&g=net.sf.lucis&a=lucis-api&v=0.0.2&e=pom, ,
lucis-api,0.0.3,net.sf.lucis,central-proxy,https://repository.sonatype.org/service/local/artifact/maven/redirect?r=central-proxy&g=net.sf.lucis&a=lucis-api&v=0.0.3&e=pom, ,
lucis-api,0.0.4,net.sf.lucis,central-proxy,https://repository.sonatype.org/service/local/artifact/maven/redirect?r=central-proxy&g=net.sf.lucis&a=lucis-api&v=0.0.4&e=pom, ,
lucis-api,0.0.5,net.sf.lucis,central-proxy,https://repository.sonatype.org/service/local/artifact/maven/redirect?r=central-proxy&g=net.sf.lucis&a=lucis-api&v=0.0.5&e=pom, ,
lucis-api,0.0.6,net.sf.lucis,central-proxy,https://repository.sonatype.org/service/local/artifact/maven/redirect?r=central-proxy&g=net.sf.lucis&a=lucis-api&v=0.0.6&e=pom, ,
lucis-api,0.0.7,net.sf.lucis,central-proxy,https://repository.sonatype.org/service/local/artifact/maven/redirect?r=central-proxy&g=net.sf.lucis&a=lucis-api&v=0.0.7&e=pom, ,
lucis-api,0.0.8,net.sf.lucis,central-proxy,https://repository.sonatype.org/service/local/artifact/maven/redirect?r=central-proxy&g=net.sf.lucis&a=lucis-api&v=0.0.8&e=pom, ,
lucis-api,0.0.9,net.sf.lucis,central-proxy,https://repository.sonatype.org/service/local/artifact/maven/redirect?r=central-proxy&g=net.sf.lucis&a=lucis-api&v=0.0.9&e=pom, ,
lucis-core,0.0.1,net.sf.lucis,central-proxy,https://repository.sonatype.org/service/local/artifact/maven/redirect?r=central-proxy&g=net.sf.lucis&a=lucis-core&v=0.0.1&e=pom, ,
lucis-core,0.0.10,net.sf.lucis,central-proxy,https://repository.sonatype.org/service/local/artifact/maven/redirect?r=central-proxy&g=net.sf.lucis&a=lucis-core&v=0.0.10&e=pom, ,
lucis-core,0.0.11,net.sf.lucis,central-proxy,https://repository.sonatype.org/service/local/artifact/maven/redirect?r=central-proxy&g=net.sf.lucis&a=lucis-core&v=0.0.11&e=pom, ,
lucis-core,0.0.12,net.sf.lucis,central-proxy,https://repository.sonatype.org/service/local/artifact/maven/redirect?r=central-proxy&g=net.sf.lucis&a=lucis-core&v=0.0.12&e=pom, ,
lucis-core,0.0.13,net.sf.lucis,central-proxy,https://repository.sonatype.org/service/local/artifact/maven/redirect?r=central-proxy&g=net.sf.lucis&a=lucis-core&v=0.0.13&e=pom, ,
lucis-core,0.0.2,net.sf.lucis,central-proxy,https://repository.sonatype.org/service/local/artifact/maven/redirect?r=central-proxy&g=net.sf.lucis&a=lucis-core&v=0.0.2&e=pom, ,
lucis-core,0.0.3,net.sf.lucis,central-proxy,https://repository.sonatype.org/service/local/artifact/maven/redirect?r=central-proxy&g=net.sf.lucis&a=lucis-core&v=0.0.3&e=pom, ,
lucis-core,0.0.4,net.sf.lucis,central-proxy,https://repository.sonatype.org/service/local/artifact/maven/redirect?r=central-proxy&g=net.sf.lucis&a=lucis-core&v=0.0.4&e=pom, ,
lucis-core,0.0.5,net.sf.lucis,central-proxy,https://repository.sonatype.org/service/local/artifact/maven/redirect?r=central-proxy&g=net.sf.lucis&a=lucis-core&v=0.0.5&e=pom, ,
lucis-core,0.0.6,net.sf.lucis,central-proxy,https://repository.sonatype.org/service/local/artifact/maven/redirect?r=central-proxy&g=net.sf.lucis&a=lucis-core&v=0.0.6&e=pom, ,
lucis-core,0.0.7,net.sf.lucis,central-proxy,https://repository.sonatype.org/service/local/artifact/maven/redirect?r=central-proxy&g=net.sf.lucis&a=lucis-core&v=0.0.7&e=pom, ,
lucis-core,0.0.8,net.sf.lucis,central-proxy,https://repository.sonatype.org/service/local/artifact/maven/redirect?r=central-proxy&g=net.sf.lucis&a=lucis-core&v=0.0.8&e=pom, ,
lucis-core,0.0.9,net.sf.lucis,central-proxy,https://repository.sonatype.org/service/local/artifact/maven/redirect?r=central-proxy&g=net.sf.lucis&a=lucis-core&v=0.0.9&e=pom, ,
lucene-analyzers,1.9.1,org.apache.lucene,central-proxy,https://repository.sonatype.org/service/local/artifact/maven/redirect?r=central-proxy&g=org.apache.lucene&a=lucene-analyzers&v=1.9.1&e=pom, ,
lucene-analyzers,2.0.0,org.apache.lucene,central-proxy,https://repository.sonatype.org/service/local/artifact/maven/redirect?r=central-proxy&g=org.apache.lucene&a=lucene-analyzers&v=2.0.0&e=pom, ,
lucene-analyzers,2.1.0,org.apache.lucene,central-proxy,https://repository.sonatype.org/service/local/artifact/maven/redirect?r=central-proxy&g=org.apache.lucene&a=lucene-analyzers&v=2.1.0&e=pom, ,
lucene-analyzers,2.2.0,org.apache.lucene,central-proxy,https://repository.sonatype.org/service/local/artifact/maven/redirect?r=central-proxy&g=org.apache.lucene&a=lucene-analyzers&v=2.2.0&e=pom, ,
lucene-analyzers,2.3.0,org.apache.lucene,central-proxy,https://repository.sonatype.org/service/local/artifact/maven/redirect?r=central-proxy&g=org.apache.lucene&a=lucene-analyzers&v=2.3.0&e=pom, ,
lucene-analyzers,2.3.1,org.apache.lucene,central-proxy,https://repository.sonatype.org/service/local/artifact/maven/redirect?r=central-proxy&g=org.apache.lucene&a=lucene-analyzers&v=2.3.1&e=pom, ,
lucene-analyzers,2.3.2,org.apache.lucene,central-proxy,https://repository.sonatype.org/service/local/artifact/maven/redirect?r=central-proxy&g=org.apache.lucene&a=lucene-analyzers&v=2.3.2&e=pom, ,
lucene-analyzers,2.4.0,org.apache.lucene,central-proxy,https://repository.sonatype.org/service/local/artifact/maven/redirect?r=central-proxy&g=org.apache.lucene&a=lucene-analyzers&v=2.4.0&e=pom, ,
lucene-analyzers,2.4.1,org.apache.lucene,central-proxy,https://repository.sonatype.org/service/local/artifact/maven/redirect?r=central-proxy&g=org.apache.lucene&a=lucene-analyzers&v=2.4.1&e=pom, ,
lucene-ant,2.3.0,org.apache.lucene,central-proxy,https://repository.sonatype.org/service/local/artifact/maven/redirect?r=central-proxy&g=org.apache.lucene&a=lucene-ant&v=2.3.0&e=pom, ,
lucene-ant,2.3.1,org.apache.lucene,central-proxy,https://repository.sonatype.org/service/local/artifact/maven/redirect?r=central-proxy&g=org.apache.lucene&a=lucene-ant&v=2.3.1&e=pom, ,
lucene-ant,2.3.2,org.apache.lucene,central-proxy,https://repository.sonatype.org/service/local/artifact/maven/redirect?r=central-proxy&g=org.apache.lucene&a=lucene-ant&v=2.3.2&e=pom, ,
lucene-ant,2.4.0,org.apache.lucene,central-proxy,https://repository.sonatype.org/service/local/artifact/maven/redirect?r=central-proxy&g=org.apache.lucene&a=lucene-ant&v=2.4.0&e=pom, ,
lucene-ant,2.4.1,org.apache.lucene,central-proxy,https://repository.sonatype.org/service/local/artifact/maven/redirect?r=central-proxy&g=org.apache.lucene&a=lucene-ant&v=2.4.1&e=pom, ,
lucene-bdb,2.2.0,org.apache.lucene,central-proxy,https://repository.sonatype.org/service/local/artifact/maven/redirect?r=central-proxy&g=org.apache.lucene&a=lucene-bdb&v=2.2.0&e=pom, ,
lucene-bdb,2.3.0,org.apache.lucene,central-proxy,https://repository.sonatype.org/service/local/artifact/maven/redirect?r=central-proxy&g=org.apache.lucene&a=lucene-bdb&v=2.3.0&e=pom, ,
lucene-bdb,2.3.1,org.apache.lucene,central-proxy,https://repository.sonatype.org/service/local/artifact/maven/redirect?r=central-proxy&g=org.apache.lucene&a=lucene-bdb&v=2.3.1&e=pom, ,
lucene-bdb,2.3.2,org.apache.lucene,central-proxy,https://repository.sonatype.org/service/local/artifact/maven/redirect?r=central-proxy&g=org.apache.lucene&a=lucene-bdb&v=2.3.2&e=pom, ,
lucene-bdb,2.4.0,org.apache.lucene,central-proxy,https://repository.sonatype.org/service/local/artifact/maven/redirect?r=central-proxy&g=org.apache.lucene&a=lucene-bdb&v=2.4.0&e=pom, ,
lucene-bdb,2.4.1,org.apache.lucene,central-proxy,https://repository.sonatype.org/service/local/artifact/maven/redirect?r=central-proxy&g=org.apache.lucene&a=lucene-bdb&v=2.4.1&e=pom, ,
lucene-bdb-je,2.3.0,org.apache.lucene,central-proxy,https://repository.sonatype.org/service/local/artifact/maven/redirect?r=central-proxy&g=org.apache.lucene&a=lucene-bdb-je&v=2.3.0&e=pom, ,
lucene-bdb-je,2.3.1,org.apache.lucene,central-proxy,https://repository.sonatype.org/service/local/artifact/maven/redirect?r=central-proxy&g=org.apache.lucene&a=lucene-bdb-je&v=2.3.1&e=pom, ,
lucene-bdb-je,2.3.2,org.apache.lucene,central-proxy,https://repository.sonatype.org/service/local/artifact/maven/redirect?r=central-proxy&g=org.apache.lucene&a=lucene-bdb-je&v=2.3.2&e=pom, ,
lucene-bdb-je,2.4.0,org.apache.lucene,central-proxy,https://repository.sonatype.org/service/local/artifact/maven/redirect?r=central-proxy&g=org.apache.lucene&a=lucene-bdb-je&v=2.4.0&e=pom, ,
lucene-bdb-je,2.4.1,org.apache.lucene,central-proxy,https://repository.sonatype.org/service/local/artifact/maven/redirect?r=central-proxy&g=org.apache.lucene&a=lucene-bdb-je&v=2.4.1&e=pom, ,
lucene-benchmark,2.3.0,org.apache.lucene,central-proxy,https://repository.sonatype.org/service/local/artifact/maven/redirect?r=central-proxy&g=org.apache.lucene&a=lucene-benchmark&v=2.3.0&e=pom, ,
lucene-benchmark,2.3.1,org.apache.lucene,central-proxy,https://repository.sonatype.org/service/local/artifact/maven/redirect?r=central-proxy&g=org.apache.lucene&a=lucene-benchmark&v=2.3.1&e=pom, ,
lucene-benchmark,2.3.2,org.apache.lucene,central-proxy,https://repository.sonatype.org/service/local/artifact/maven/redirect?r=central-proxy&g=org.apache.lucene&a=lucene-benchmark&v=2.3.2&e=pom, ,
lucene-benchmark,2.4.0,org.apache.lucene,central-proxy,https://repository.sonatype.org/service/local/artifact/maven/redirect?r=central-proxy&g=org.apache.lucene&a=lucene-benchmark&v=2.4.0&e=pom, ,
lucene-benchmark,2.4.1,org.apache.lucene,central-proxy,https://repository.sonatype.org/service/local/artifact/maven/redirect?r=central-proxy&g=org.apache.lucene&a=lucene-benchmark&v=2.4.1&e=pom, ,
lucene-contrib,2.3.2,org.apache.lucene,central-proxy,https://repository.sonatype.org/service/local/artifact/maven/redirect?r=central-proxy&g=org.apache.lucene&a=lucene-contrib&v=2.3.2&e=pom, ,
lucene-contrib,2.4.0,org.apache.lucene,central-proxy,https://repository.sonatype.org/service/local/artifact/maven/redirect?r=central-proxy&g=org.apache.lucene&a=lucene-contrib&v=2.4.0&e=pom, ,
lucene-contrib,2.4.1,org.apache.lucene,central-proxy,https://repository.sonatype.org/service/local/artifact/maven/redirect?r=central-proxy&g=org.apache.lucene&a=lucene-contrib&v=2.4.1&e=pom, ,
lucene-core,2.0.0,org.apache.lucene,central-proxy,https://repository.sonatype.org/service/local/artifact/maven/redirect?r=central-proxy&g=org.apache.lucene&a=lucene-core&v=2.0.0&e=pom,SCM[scm:svn:http://svn.apache.org/repos/asf/lucene/java/trunk;http://svn.apache.org/viewcvs.cgi/lucene/java/trunk],
lucene-core,2.1.0,org.apache.lucene,central-proxy,https://repository.sonatype.org/service/local/artifact/maven/redirect?r=central-proxy&g=org.apache.lucene&a=lucene-core&v=2.1.0&e=pom, ,
lucene-core,2.2.0,org.apache.lucene,central-proxy,https://repository.sonatype.org/service/local/artifact/maven/redirect?r=central-proxy&g=org.apache.lucene&a=lucene-core&v=2.2.0&e=pom, ,
lucene-core,2.3.0,org.apache.lucene,central-proxy,https://repository.sonatype.org/service/local/artifact/maven/redirect?r=central-proxy&g=org.apache.lucene&a=lucene-core&v=2.3.0&e=pom, ,
lucene-core,2.3.1,org.apache.lucene,central-proxy,https://repository.sonatype.org/service/local/artifact/maven/redirect?r=central-proxy&g=org.apache.lucene&a=lucene-core&v=2.3.1&e=pom, ,
lucene-core,2.3.2,org.apache.lucene,central-proxy,https://repository.sonatype.org/service/local/artifact/maven/redirect?r=central-proxy&g=org.apache.lucene&a=lucene-core&v=2.3.2&e=pom, ,
lucene-core,2.4.0,org.apache.lucene,central-proxy,https://repository.sonatype.org/service/local/artifact/maven/redirect?r=central-proxy&g=org.apache.lucene&a=lucene-core&v=2.4.0&e=pom, ,
lucene-core,2.4.1,org.apache.lucene,central-proxy,https://repository.sonatype.org/service/local/artifact/maven/redirect?r=central-proxy&g=org.apache.lucene&a=lucene-core&v=2.4.1&e=pom, ,
lucene-demos,2.3.0,org.apache.lucene,central-proxy,https://repository.sonatype.org/service/local/artifact/maven/redirect?r=central-proxy&g=org.apache.lucene&a=lucene-demos&v=2.3.0&e=pom, ,
lucene-demos,2.3.1,org.apache.lucene,central-proxy,https://repository.sonatype.org/service/local/artifact/maven/redirect?r=central-proxy&g=org.apache.lucene&a=lucene-demos&v=2.3.1&e=pom, ,
lucene-demos,2.3.2,org.apache.lucene,central-proxy,https://repository.sonatype.org/service/local/artifact/maven/redirect?r=central-proxy&g=org.apache.lucene&a=lucene-demos&v=2.3.2&e=pom, ,
lucene-demos,2.4.0,org.apache.lucene,central-proxy,https://repository.sonatype.org/service/local/artifact/maven/redirect?r=central-proxy&g=org.apache.lucene&a=lucene-demos&v=2.4.0&e=pom, ,
lucene-demos,2.4.1,org.apache.lucene,central-proxy,https://repository.sonatype.org/service/local/artifact/maven/redirect?r=central-proxy&g=org.apache.lucene&a=lucene-demos&v=2.4.1&e=pom, ,
lucene-highlighter,2.3.0,org.apache.lucene,central-proxy,https://repository.sonatype.org/service/local/artifact/maven/redirect?r=central-proxy&g=org.apache.lucene&a=lucene-highlighter&v=2.3.0&e=pom, ,
lucene-highlighter,2.3.1,org.apache.lucene,central-proxy,https://repository.sonatype.org/service/local/artifact/maven/redirect?r=central-proxy&g=org.apache.lucene&a=lucene-highlighter&v=2.3.1&e=pom, ,
lucene-highlighter,2.3.2,org.apache.lucene,central-proxy,https://repository.sonatype.org/service/local/artifact/maven/redirect?r=central-proxy&g=org.apache.lucene&a=lucene-highlighter&v=2.3.2&e=pom, ,
lucene-highlighter,2.4.0,org.apache.lucene,central-proxy,https://repository.sonatype.org/service/local/artifact/maven/redirect?r=central-proxy&g=org.apache.lucene&a=lucene-highlighter&v=2.4.0&e=pom, ,
lucene-highlighter,2.4.1,org.apache.lucene,central-proxy,https://repository.sonatype.org/service/local/artifact/maven/redirect?r=central-proxy&g=org.apache.lucene&a=lucene-highlighter&v=2.4.1&e=pom, ,
lucene-instantiated,2.4.0,org.apache.lucene,central-proxy,https://repository.sonatype.org/service/local/artifact/maven/redirect?r=central-proxy&g=org.apache.lucene&a=lucene-instantiated&v=2.4.0&e=pom, ,
lucene-instantiated,2.4.1,org.apache.lucene,central-proxy,https://repository.sonatype.org/service/local/artifact/maven/redirect?r=central-proxy&g=org.apache.lucene&a=lucene-instantiated&v=2.4.1&e=pom, ,
lucene-lucli,2.3.0,org.apache.lucene,central-proxy,https://repository.sonatype.org/service/local/artifact/maven/redirect?r=central-proxy&g=org.apache.lucene&a=lucene-lucli&v=2.3.0&e=pom, ,
lucene-lucli,2.3.1,org.apache.lucene,central-proxy,https://repository.sonatype.org/service/local/artifact/maven/redirect?r=central-proxy&g=org.apache.lucene&a=lucene-lucli&v=2.3.1&e=pom, ,
lucene-lucli,2.3.2,org.apache.lucene,central-proxy,https://repository.sonatype.org/service/local/artifact/maven/redirect?r=central-proxy&g=org.apache.lucene&a=lucene-lucli&v=2.3.2&e=pom, ,
lucene-lucli,2.4.0,org.apache.lucene,central-proxy,https://repository.sonatype.org/service/local/artifact/maven/redirect?r=central-proxy&g=org.apache.lucene&a=lucene-lucli&v=2.4.0&e=pom, ,
lucene-lucli,2.4.1,org.apache.lucene,central-proxy,https://repository.sonatype.org/service/local/artifact/maven/redirect?r=central-proxy&g=org.apache.lucene&a=lucene-lucli&v=2.4.1&e=pom, ,
lucene-memory,2.3.0,org.apache.lucene,central-proxy,https://repository.sonatype.org/service/local/artifact/maven/redirect?r=central-proxy&g=org.apache.lucene&a=lucene-memory&v=2.3.0&e=pom, ,
lucene-memory,2.3.1,org.apache.lucene,central-proxy,https://repository.sonatype.org/service/local/artifact/maven/redirect?r=central-proxy&g=org.apache.lucene&a=lucene-memory&v=2.3.1&e=pom, ,
lucene-memory,2.3.2,org.apache.lucene,central-proxy,https://repository.sonatype.org/service/local/artifact/maven/redirect?r=central-proxy&g=org.apache.lucene&a=lucene-memory&v=2.3.2&e=pom, ,
lucene-memory,2.4.0,org.apache.lucene,central-proxy,https://repository.sonatype.org/service/local/artifact/maven/redirect?r=central-proxy&g=org.apache.lucene&a=lucene-memory&v=2.4.0&e=pom, ,
lucene-memory,2.4.1,org.apache.lucene,central-proxy,https://repository.sonatype.org/service/local/artifact/maven/redirect?r=central-proxy&g=org.apache.lucene&a=lucene-memory&v=2.4.1&e=pom, ,
lucene-misc,2.3.0,org.apache.lucene,central-proxy,https://repository.sonatype.org/service/local/artifact/maven/redirect?r=central-proxy&g=org.apache.lucene&a=lucene-misc&v=2.3.0&e=pom, ,
lucene-misc,2.3.1,org.apache.lucene,central-proxy,https://repository.sonatype.org/service/local/artifact/maven/redirect?r=central-proxy&g=org.apache.lucene&a=lucene-misc&v=2.3.1&e=pom, ,
lucene-misc,2.3.2,org.apache.lucene,central-proxy,https://repository.sonatype.org/service/local/artifact/maven/redirect?r=central-proxy&g=org.apache.lucene&a=lucene-misc&v=2.3.2&e=pom, ,
lucene-misc,2.4.0,org.apache.lucene,central-proxy,https://repository.sonatype.org/service/local/artifact/maven/redirect?r=central-proxy&g=org.apache.lucene&a=lucene-misc&v=2.4.0&e=pom, ,
lucene-misc,2.4.1,org.apache.lucene,central-proxy,https://repository.sonatype.org/service/local/artifact/maven/redirect?r=central-proxy&g=org.apache.lucene&a=lucene-misc&v=2.4.1&e=pom, ,
lucene-parent,2.1.0,org.apache.lucene,central-proxy,https://repository.sonatype.org/service/local/artifact/maven/redirect?r=central-proxy&g=org.apache.lucene&a=lucene-parent&v=2.1.0&e=pom, ,
lucene-parent,2.2.0,org.apache.lucene,central-proxy,https://repository.sonatype.org/service/local/artifact/maven/redirect?r=central-proxy&g=org.apache.lucene&a=lucene-parent&v=2.2.0&e=pom, ,
lucene-parent,2.3.0,org.apache.lucene,central-proxy,https://repository.sonatype.org/service/local/artifact/maven/redirect?r=central-proxy&g=org.apache.lucene&a=lucene-parent&v=2.3.0&e=pom, ,
lucene-parent,2.3.1,org.apache.lucene,central-proxy,https://repository.sonatype.org/service/local/artifact/maven/redirect?r=central-proxy&g=org.apache.lucene&a=lucene-parent&v=2.3.1&e=pom, ,
lucene-parent,2.3.2,org.apache.lucene,central-proxy,https://repository.sonatype.org/service/local/artifact/maven/redirect?r=central-proxy&g=org.apache.lucene&a=lucene-parent&v=2.3.2&e=pom, ,
lucene-parent,2.4.0,org.apache.lucene,central-proxy,https://repository.sonatype.org/service/local/artifact/maven/redirect?r=central-proxy&g=org.apache.lucene&a=lucene-parent&v=2.4.0&e=pom, ,
lucene-parent,2.4.1,org.apache.lucene,central-proxy,https://repository.sonatype.org/service/local/artifact/maven/redirect?r=central-proxy&g=org.apache.lucene&a=lucene-parent&v=2.4.1&e=pom, ,
lucene-queries,2.3.0,org.apache.lucene,central-proxy,https://repository.sonatype.org/service/local/artifact/maven/redirect?r=central-proxy&g=org.apache.lucene&a=lucene-queries&v=2.3.0&e=pom, ,
lucene-queries,2.3.1,org.apache.lucene,central-proxy,https://repository.sonatype.org/service/local/artifact/maven/redirect?r=central-proxy&g=org.apache.lucene&a=lucene-queries&v=2.3.1&e=pom, ,
lucene-queries,2.3.2,org.apache.lucene,central-proxy,https://repository.sonatype.org/service/local/artifact/maven/redirect?r=central-proxy&g=org.apache.lucene&a=lucene-queries&v=2.3.2&e=pom, ,
lucene-queries,2.4.0,org.apache.lucene,central-proxy,https://repository.sonatype.org/service/local/artifact/maven/redirect?r=central-proxy&g=org.apache.lucene&a=lucene-queries&v=2.4.0&e=pom, ,
lucene-queries,2.4.1,org.apache.lucene,central-proxy,https://repository.sonatype.org/service/local/artifact/maven/redirect?r=central-proxy&g=org.apache.lucene&a=lucene-queries&v=2.4.1&e=pom, ,
lucene-regex,2.3.0,org.apache.lucene,central-proxy,https://repository.sonatype.org/service/local/artifact/maven/redirect?r=central-proxy&g=org.apache.lucene&a=lucene-regex&v=2.3.0&e=pom, ,
lucene-regex,2.3.1,org.apache.lucene,central-proxy,https://repository.sonatype.org/service/local/artifact/maven/redirect?r=central-proxy&g=org.apache.lucene&a=lucene-regex&v=2.3.1&e=pom, ,
lucene-regex,2.3.2,org.apache.lucene,central-proxy,https://repository.sonatype.org/service/local/artifact/maven/redirect?r=central-proxy&g=org.apache.lucene&a=lucene-regex&v=2.3.2&e=pom, ,
lucene-regex,2.4.0,org.apache.lucene,central-proxy,https://repository.sonatype.org/service/local/artifact/maven/redirect?r=central-proxy&g=org.apache.lucene&a=lucene-regex&v=2.4.0&e=pom, ,
lucene-regex,2.4.1,org.apache.lucene,central-proxy,https://repository.sonatype.org/service/local/artifact/maven/redirect?r=central-proxy&g=org.apache.lucene&a=lucene-regex&v=2.4.1&e=pom, ,
lucene-snowball,2.3.0,org.apache.lucene,central-proxy,https://repository.sonatype.org/service/local/artifact/maven/redirect?r=central-proxy&g=org.apache.lucene&a=lucene-snowball&v=2.3.0&e=pom, ,
lucene-snowball,2.3.1,org.apache.lucene,central-proxy,https://repository.sonatype.org/service/local/artifact/maven/redirect?r=central-proxy&g=org.apache.lucene&a=lucene-snowball&v=2.3.1&e=pom, ,
lucene-snowball,2.3.2,org.apache.lucene,central-proxy,https://repository.sonatype.org/service/local/artifact/maven/redirect?r=central-proxy&g=org.apache.lucene&a=lucene-snowball&v=2.3.2&e=pom, ,
lucene-snowball,2.4.0,org.apache.lucene,central-proxy,https://repository.sonatype.org/service/local/artifact/maven/redirect?r=central-proxy&g=org.apache.lucene&a=lucene-snowball&v=2.4.0&e=pom, ,
lucene-snowball,2.4.1,org.apache.lucene,central-proxy,https://repository.sonatype.org/service/local/artifact/maven/redirect?r=central-proxy&g=org.apache.lucene&a=lucene-snowball&v=2.4.1&e=pom, ,
lucene-spellchecker,2.3.0,org.apache.lucene,central-proxy,https://repository.sonatype.org/service/local/artifact/maven/redirect?r=central-proxy&g=org.apache.lucene&a=lucene-spellchecker&v=2.3.0&e=pom, ,
lucene-spellchecker,2.3.1,org.apache.lucene,central-proxy,https://repository.sonatype.org/service/local/artifact/maven/redirect?r=central-proxy&g=org.apache.lucene&a=lucene-spellchecker&v=2.3.1&e=pom, ,
lucene-spellchecker,2.3.2,org.apache.lucene,central-proxy,https://repository.sonatype.org/service/local/artifact/maven/redirect?r=central-proxy&g=org.apache.lucene&a=lucene-spellchecker&v=2.3.2&e=pom, ,
lucene-spellchecker,2.4.0,org.apache.lucene,central-proxy,https://repository.sonatype.org/service/local/artifact/maven/redirect?r=central-proxy&g=org.apache.lucene&a=lucene-spellchecker&v=2.4.0&e=pom, ,
lucene-spellchecker,2.4.1,org.apache.lucene,central-proxy,https://repository.sonatype.org/service/local/artifact/maven/redirect?r=central-proxy&g=org.apache.lucene&a=lucene-spellchecker&v=2.4.1&e=pom, ,
lucene-surround,2.3.0,org.apache.lucene,central-proxy,https://repository.sonatype.org/service/local/artifact/maven/redirect?r=central-proxy&g=org.apache.lucene&a=lucene-surround&v=2.3.0&e=pom, ,
lucene-surround,2.3.1,org.apache.lucene,central-proxy,https://repository.sonatype.org/service/local/artifact/maven/redirect?r=central-proxy&g=org.apache.lucene&a=lucene-surround&v=2.3.1&e=pom, ,
lucene-surround,2.3.2,org.apache.lucene,central-proxy,https://repository.sonatype.org/service/local/artifact/maven/redirect?r=central-proxy&g=org.apache.lucene&a=lucene-surround&v=2.3.2&e=pom, ,
lucene-surround,2.4.0,org.apache.lucene,central-proxy,https://repository.sonatype.org/service/local/artifact/maven/redirect?r=central-proxy&g=org.apache.lucene&a=lucene-surround&v=2.4.0&e=pom, ,
lucene-surround,2.4.1,org.apache.lucene,central-proxy,https://repository.sonatype.org/service/local/artifact/maven/redirect?r=central-proxy&g=org.apache.lucene&a=lucene-surround&v=2.4.1&e=pom, ,
lucene-swing,1.9.1,org.apache.lucene,central-proxy,https://repository.sonatype.org/service/local/artifact/maven/redirect?r=central-proxy&g=org.apache.lucene&a=lucene-swing&v=1.9.1&e=pom, ,
lucene-swing,2.0.0,org.apache.lucene,central-proxy,https://repository.sonatype.org/service/local/artifact/maven/redirect?r=central-proxy&g=org.apache.lucene&a=lucene-swing&v=2.0.0&e=pom, ,
lucene-swing,2.1.0,org.apache.lucene,central-proxy,https://repository.sonatype.org/service/local/artifact/maven/redirect?r=central-proxy&g=org.apache.lucene&a=lucene-swing&v=2.1.0&e=pom, ,
lucene-swing,2.2.0,org.apache.lucene,central-proxy,https://repository.sonatype.org/service/local/artifact/maven/redirect?r=central-proxy&g=org.apache.lucene&a=lucene-swing&v=2.2.0&e=pom, ,
lucene-swing,2.3.0,org.apache.lucene,central-proxy,https://repository.sonatype.org/service/local/artifact/maven/redirect?r=central-proxy&g=org.apache.lucene&a=lucene-swing&v=2.3.0&e=pom, ,
lucene-swing,2.3.1,org.apache.lucene,central-proxy,https://repository.sonatype.org/service/local/artifact/maven/redirect?r=central-proxy&g=org.apache.lucene&a=lucene-swing&v=2.3.1&e=pom, ,
lucene-swing,2.3.2,org.apache.lucene,central-proxy,https://repository.sonatype.org/service/local/artifact/maven/redirect?r=central-proxy&g=org.apache.lucene&a=lucene-swing&v=2.3.2&e=pom, ,
lucene-swing,2.4.0,org.apache.lucene,central-proxy,https://repository.sonatype.org/service/local/artifact/maven/redirect?r=central-proxy&g=org.apache.lucene&a=lucene-swing&v=2.4.0&e=pom, ,
lucene-swing,2.4.1,org.apache.lucene,central-proxy,https://repository.sonatype.org/service/local/artifact/maven/redirect?r=central-proxy&g=org.apache.lucene&a=lucene-swing&v=2.4.1&e=pom, ,
lucene-wikipedia,2.3.0,org.apache.lucene,central-proxy,https://repository.sonatype.org/service/local/artifact/maven/redirect?r=central-proxy&g=org.apache.lucene&a=lucene-wikipedia&v=2.3.0&e=pom, ,
lucene-wikipedia,2.3.1,org.apache.lucene,central-proxy,https://repository.sonatype.org/service/local/artifact/maven/redirect?r=central-proxy&g=org.apache.lucene&a=lucene-wikipedia&v=2.3.1&e=pom, ,
lucene-wikipedia,2.3.2,org.apache.lucene,central-proxy,https://repository.sonatype.org/service/local/artifact/maven/redirect?r=central-proxy&g=org.apache.lucene&a=lucene-wikipedia&v=2.3.2&e=pom, ,
lucene-wikipedia,2.4.0,org.apache.lucene,central-proxy,https://repository.sonatype.org/service/local/artifact/maven/redirect?r=central-proxy&g=org.apache.lucene&a=lucene-wikipedia&v=2.4.0&e=pom, ,
lucene-wikipedia,2.4.1,org.apache.lucene,central-proxy,https://repository.sonatype.org/service/local/artifact/maven/redirect?r=central-proxy&g=org.apache.lucene&a=lucene-wikipedia&v=2.4.1&e=pom, ,
lucene-wordnet,1.9.1,org.apache.lucene,central-proxy,https://repository.sonatype.org/service/local/artifact/maven/redirect?r=central-proxy&g=org.apache.lucene&a=lucene-wordnet&v=1.9.1&e=pom, ,
lucene-wordnet,2.0.0,org.apache.lucene,central-proxy,https://repository.sonatype.org/service/local/artifact/maven/redirect?r=central-proxy&g=org.apache.lucene&a=lucene-wordnet&v=2.0.0&e=pom, ,
lucene-wordnet,2.1.0,org.apache.lucene,central-proxy,https://repository.sonatype.org/service/local/artifact/maven/redirect?r=central-proxy&g=org.apache.lucene&a=lucene-wordnet&v=2.1.0&e=pom, ,
lucene-wordnet,2.2.0,org.apache.lucene,central-proxy,https://repository.sonatype.org/service/local/artifact/maven/redirect?r=central-proxy&g=org.apache.lucene&a=lucene-wordnet&v=2.2.0&e=pom, ,
lucene-wordnet,2.3.0,org.apache.lucene,central-proxy,https://repository.sonatype.org/service/local/artifact/maven/redirect?r=central-proxy&g=org.apache.lucene&a=lucene-wordnet&v=2.3.0&e=pom, ,
lucene-wordnet,2.3.1,org.apache.lucene,central-proxy,https://repository.sonatype.org/service/local/artifact/maven/redirect?r=central-proxy&g=org.apache.lucene&a=lucene-wordnet&v=2.3.1&e=pom, ,
lucene-wordnet,2.3.2,org.apache.lucene,central-proxy,https://repository.sonatype.org/service/local/artifact/maven/redirect?r=central-proxy&g=org.apache.lucene&a=lucene-wordnet&v=2.3.2&e=pom, ,
lucene-wordnet,2.4.0,org.apache.lucene,central-proxy,https://repository.sonatype.org/service/local/artifact/maven/redirect?r=central-proxy&g=org.apache.lucene&a=lucene-wordnet&v=2.4.0&e=pom, ,
lucene-wordnet,2.4.1,org.apache.lucene,central-proxy,https://repository.sonatype.org/service/local/artifact/maven/redirect?r=central-proxy&g=org.apache.lucene&a=lucene-wordnet&v=2.4.1&e=pom, ,
lucene-xml-query-parser,1.9.1,org.apache.lucene,central-proxy,https://repository.sonatype.org/service/local/artifact/maven/redirect?r=central-proxy&g=org.apache.lucene&a=lucene-xml-query-parser&v=1.9.1&e=pom, ,
lucene-xml-query-parser,2.0.0,org.apache.lucene,central-proxy,https://repository.sonatype.org/service/local/artifact/maven/redirect?r=central-proxy&g=org.apache.lucene&a=lucene-xml-query-parser&v=2.0.0&e=pom, ,
lucene-xml-query-parser,2.1.0,org.apache.lucene,central-proxy,https://repository.sonatype.org/service/local/artifact/maven/redirect?r=central-proxy&g=org.apache.lucene&a=lucene-xml-query-parser&v=2.1.0&e=pom, ,
lucene-xml-query-parser,2.2.0,org.apache.lucene,central-proxy,https://repository.sonatype.org/service/local/artifact/maven/redirect?r=central-proxy&g=org.apache.lucene&a=lucene-xml-query-parser&v=2.2.0&e=pom, ,
lucene-xml-query-parser,2.3.0,org.apache.lucene,central-proxy,https://repository.sonatype.org/service/local/artifact/maven/redirect?r=central-proxy&g=org.apache.lucene&a=lucene-xml-query-parser&v=2.3.0&e=pom, ,
lucene-xml-query-parser,2.3.1,org.apache.lucene,central-proxy,https://repository.sonatype.org/service/local/artifact/maven/redirect?r=central-proxy&g=org.apache.lucene&a=lucene-xml-query-parser&v=2.3.1&e=pom, ,
lucene-xml-query-parser,2.3.2,org.apache.lucene,central-proxy,https://repository.sonatype.org/service/local/artifact/maven/redirect?r=central-proxy&g=org.apache.lucene&a=lucene-xml-query-parser&v=2.3.2&e=pom, ,
lucene-xml-query-parser,2.4.0,org.apache.lucene,central-proxy,https://repository.sonatype.org/service/local/artifact/maven/redirect?r=central-proxy&g=org.apache.lucene&a=lucene-xml-query-parser&v=2.4.0&e=pom, ,
lucene-xml-query-parser,2.4.1,org.apache.lucene,central-proxy,https://repository.sonatype.org/service/local/artifact/maven/redirect?r=central-proxy&g=org.apache.lucene&a=lucene-xml-query-parser&v=2.4.1&e=pom, ,
lucis,0.0.14,net.sf.lucis,central-proxy,https://repository.sonatype.org/service/local/artifact/maven/redirect?r=central-proxy&g=net.sf.lucis&a=lucis&v=0.0.14&e=pom,SCM[scm:svn:https://lucis.svn.sourceforge.net/svnroot/lucis/tags/lucis-0.0.14;scm:svn:https://lucis.svn.sourceforge.net/svnroot/lucis/tags/lucis-0.0.14],
lucis-api,0.0.14,net.sf.lucis,central-proxy,https://repository.sonatype.org/service/local/artifact/maven/redirect?r=central-proxy&g=net.sf.lucis&a=lucis-api&v=0.0.14&e=pom, ,
lucis-core,0.0.14,net.sf.lucis,central-proxy,https://repository.sonatype.org/service/local/artifact/maven/redirect?r=central-proxy&g=net.sf.lucis&a=lucis-core&v=0.0.14&e=pom, ,
lucis,0.0.15,net.sf.lucis,central-proxy,https://repository.sonatype.org/service/local/artifact/maven/redirect?r=central-proxy&g=net.sf.lucis&a=lucis&v=0.0.15&e=pom,SCM[scm:svn:https://lucis.svn.sourceforge.net/svnroot/lucis/tags/lucis-0.0.15;scm:svn:https://lucis.svn.sourceforge.net/svnroot/lucis/tags/lucis-0.0.15],
lucis-api,0.0.15,net.sf.lucis,central-proxy,https://repository.sonatype.org/service/local/artifact/maven/redirect?r=central-proxy&g=net.sf.lucis&a=lucis-api&v=0.0.15&e=pom, ,
lucis-core,0.0.15,net.sf.lucis,central-proxy,https://repository.sonatype.org/service/local/artifact/maven/redirect?r=central-proxy&g=net.sf.lucis&a=lucis-core&v=0.0.15&e=pom, ,
lucis,0.0.16,net.sf.lucis,central-proxy,https://repository.sonatype.org/service/local/artifact/maven/redirect?r=central-proxy&g=net.sf.lucis&a=lucis&v=0.0.16&e=pom,SCM[scm:svn:https://lucis.svn.sourceforge.net/svnroot/lucis/tags/lucis-0.0.16;scm:svn:https://lucis.svn.sourceforge.net/svnroot/lucis/tags/lucis-0.0.16],
lucis,0.0.17,net.sf.lucis,central-proxy,https://repository.sonatype.org/service/local/artifact/maven/redirect?r=central-proxy&g=net.sf.lucis&a=lucis&v=0.0.17&e=pom,SCM[scm:svn:https://lucis.svn.sourceforge.net/svnroot/lucis/tags/lucis-0.0.17;scm:svn:https://lucis.svn.sourceforge.net/svnroot/lucis/tags/lucis-0.0.17],
lucis-api,0.0.16,net.sf.lucis,central-proxy,https://repository.sonatype.org/service/local/artifact/maven/redirect?r=central-proxy&g=net.sf.lucis&a=lucis-api&v=0.0.16&e=pom, ,
lucis-api,0.0.17,net.sf.lucis,central-proxy,https://repository.sonatype.org/service/local/artifact/maven/redirect?r=central-proxy&g=net.sf.lucis&a=lucis-api&v=0.0.17&e=pom, ,
lucis-core,0.0.16,net.sf.lucis,central-proxy,https://repository.sonatype.org/service/local/artifact/maven/redirect?r=central-proxy&g=net.sf.lucis&a=lucis-core&v=0.0.16&e=pom, ,
lucis-core,0.0.17,net.sf.lucis,central-proxy,https://repository.sonatype.org/service/local/artifact/maven/redirect?r=central-proxy&g=net.sf.lucis&a=lucis-core&v=0.0.17&e=pom, ,
lucis,0.0.18,net.sf.lucis,central-proxy,https://repository.sonatype.org/service/local/artifact/maven/redirect?r=central-proxy&g=net.sf.lucis&a=lucis&v=0.0.18&e=pom,SCM[scm:svn:https://lucis.svn.sourceforge.net/svnroot/lucis/tags/lucis-0.0.18;scm:svn:https://lucis.svn.sourceforge.net/svnroot/lucis/tags/lucis-0.0.18],
lucis,0.0.19,net.sf.lucis,central-proxy,https://repository.sonatype.org/service/local/artifact/maven/redirect?r=central-proxy&g=net.sf.lucis&a=lucis&v=0.0.19&e=pom,SCM[scm:svn:https://lucis.svn.sourceforge.net/svnroot/lucis/tags/lucis-0.0.19;scm:svn:https://lucis.svn.sourceforge.net/svnroot/lucis/tags/lucis-0.0.19],
lucis-api,0.0.18,net.sf.lucis,central-proxy,https://repository.sonatype.org/service/local/artifact/maven/redirect?r=central-proxy&g=net.sf.lucis&a=lucis-api&v=0.0.18&e=pom, ,
lucis-api,0.0.19,net.sf.lucis,central-proxy,https://repository.sonatype.org/service/local/artifact/maven/redirect?r=central-proxy&g=net.sf.lucis&a=lucis-api&v=0.0.19&e=pom, ,
lucis-core,0.0.18,net.sf.lucis,central-proxy,https://repository.sonatype.org/service/local/artifact/maven/redirect?r=central-proxy&g=net.sf.lucis&a=lucis-core&v=0.0.18&e=pom, ,
lucis-core,0.0.19,net.sf.lucis,central-proxy,https://repository.sonatype.org/service/local/artifact/maven/redirect?r=central-proxy&g=net.sf.lucis&a=lucis-core&v=0.0.19&e=pom, ,
lucis,0.0.20,net.sf.lucis,central-proxy,https://repository.sonatype.org/service/local/artifact/maven/redirect?r=central-proxy&g=net.sf.lucis&a=lucis&v=0.0.20&e=pom,SCM[scm:svn:https://lucis.svn.sourceforge.net/svnroot/lucis/tags/lucis-0.0.20;scm:svn:https://lucis.svn.sourceforge.net/svnroot/lucis/tags/lucis-0.0.20],
lucis-api,0.0.20,net.sf.lucis,central-proxy,https://repository.sonatype.org/service/local/artifact/maven/redirect?r=central-proxy&g=net.sf.lucis&a=lucis-api&v=0.0.20&e=pom, ,
lucis-core,0.0.20,net.sf.lucis,central-proxy,https://repository.sonatype.org/service/local/artifact/maven/redirect?r=central-proxy&g=net.sf.lucis&a=lucis-core&v=0.0.20&e=pom, ,
lucis,0.0.21,net.sf.lucis,central-proxy,https://repository.sonatype.org/service/local/artifact/maven/redirect?r=central-proxy&g=net.sf.lucis&a=lucis&v=0.0.21&e=pom,SCM[scm:svn:https://lucis.svn.sourceforge.net/svnroot/lucis/tags/lucis-0.0.21;scm:svn:https://lucis.svn.sourceforge.net/svnroot/lucis/tags/lucis-0.0.21],
lucis,0.0.22,net.sf.lucis,central-proxy,https://repository.sonatype.org/service/local/artifact/maven/redirect?r=central-proxy&g=net.sf.lucis&a=lucis&v=0.0.22&e=pom,SCM[scm:svn:https://lucis.svn.sourceforge.net/svnroot/lucis/tags/lucis-0.0.22;scm:svn:https://lucis.svn.sourceforge.net/svnroot/lucis/tags/lucis-0.0.22],
lucis-api,0.0.21,net.sf.lucis,central-proxy,https://repository.sonatype.org/service/local/artifact/maven/redirect?r=central-proxy&g=net.sf.lucis&a=lucis-api&v=0.0.21&e=pom, ,
lucis-api,0.0.22,net.sf.lucis,central-proxy,https://repository.sonatype.org/service/local/artifact/maven/redirect?r=central-proxy&g=net.sf.lucis&a=lucis-api&v=0.0.22&e=pom, ,
lucis-core,0.0.21,net.sf.lucis,central-proxy,https://repository.sonatype.org/service/local/artifact/maven/redirect?r=central-proxy&g=net.sf.lucis&a=lucis-core&v=0.0.21&e=pom, ,
lucis-core,0.0.22,net.sf.lucis,central-proxy,https://repository.sonatype.org/service/local/artifact/maven/redirect?r=central-proxy&g=net.sf.lucis&a=lucis-core&v=0.0.22&e=pom, ,
lucene-analyzers,2.9.0,org.apache.lucene,central-proxy,https://repository.sonatype.org/service/local/artifact/maven/redirect?r=central-proxy&g=org.apache.lucene&a=lucene-analyzers&v=2.9.0&e=pom, ,
lucene-ant,2.9.0,org.apache.lucene,central-proxy,https://repository.sonatype.org/service/local/artifact/maven/redirect?r=central-proxy&g=org.apache.lucene&a=lucene-ant&v=2.9.0&e=pom, ,
lucene-bdb,2.9.0,org.apache.lucene,central-proxy,https://repository.sonatype.org/service/local/artifact/maven/redirect?r=central-proxy&g=org.apache.lucene&a=lucene-bdb&v=2.9.0&e=pom, ,
lucene-bdb-je,2.9.0,org.apache.lucene,central-proxy,https://repository.sonatype.org/service/local/artifact/maven/redirect?r=central-proxy&g=org.apache.lucene&a=lucene-bdb-je&v=2.9.0&e=pom, ,
lucene-benchmark,2.9.0,org.apache.lucene,central-proxy,https://repository.sonatype.org/service/local/artifact/maven/redirect?r=central-proxy&g=org.apache.lucene&a=lucene-benchmark&v=2.9.0&e=pom, ,
lucene-collation,2.9.0,org.apache.lucene,central-proxy,https://repository.sonatype.org/service/local/artifact/maven/redirect?r=central-proxy&g=org.apache.lucene&a=lucene-collation&v=2.9.0&e=pom, ,
lucene-contrib,2.9.0,org.apache.lucene,central-proxy,https://repository.sonatype.org/service/local/artifact/maven/redirect?r=central-proxy&g=org.apache.lucene&a=lucene-contrib&v=2.9.0&e=pom, ,
lucene-core,2.9.0,org.apache.lucene,central-proxy,https://repository.sonatype.org/service/local/artifact/maven/redirect?r=central-proxy&g=org.apache.lucene&a=lucene-core&v=2.9.0&e=pom, ,
lucene-demos,2.9.0,org.apache.lucene,central-proxy,https://repository.sonatype.org/service/local/artifact/maven/redirect?r=central-proxy&g=org.apache.lucene&a=lucene-demos&v=2.9.0&e=pom, ,
lucene-highlighter,2.9.0,org.apache.lucene,central-proxy,https://repository.sonatype.org/service/local/artifact/maven/redirect?r=central-proxy&g=org.apache.lucene&a=lucene-highlighter&v=2.9.0&e=pom, ,
lucene-instantiated,2.9.0,org.apache.lucene,central-proxy,https://repository.sonatype.org/service/local/artifact/maven/redirect?r=central-proxy&g=org.apache.lucene&a=lucene-instantiated&v=2.9.0&e=pom, ,
lucene-lucli,2.9.0,org.apache.lucene,central-proxy,https://repository.sonatype.org/service/local/artifact/maven/redirect?r=central-proxy&g=org.apache.lucene&a=lucene-lucli&v=2.9.0&e=pom, ,
lucene-memory,2.9.0,org.apache.lucene,central-proxy,https://repository.sonatype.org/service/local/artifact/maven/redirect?r=central-proxy&g=org.apache.lucene&a=lucene-memory&v=2.9.0&e=pom, ,
lwjgl_util_applet,2.0rc1,com.projectdarkstar.ext.org.lwjgl,central-proxy,https://repository.sonatype.org/service/local/artifact/maven/redirect?r=central-proxy&g=com.projectdarkstar.ext.org.lwjgl&a=lwjgl_util_applet&v=2.0rc1&e=pom, ,
lwjgl_util_applet,2.0rc2,com.projectdarkstar.ext.org.lwjgl,central-proxy,https://repository.sonatype.org/service/local/artifact/maven/redirect?r=central-proxy&g=com.projectdarkstar.ext.org.lwjgl&a=lwjgl_util_applet&v=2.0rc2&e=pom, ,
lwjgl,2.0rc1,com.projectdarkstar.ext.org.lwjgl,central-proxy,https://repository.sonatype.org/service/local/artifact/maven/redirect?r=central-proxy&g=com.projectdarkstar.ext.org.lwjgl&a=lwjgl&v=2.0rc1&e=pom, ,
lwjgl,2.0rc2,com.projectdarkstar.ext.org.lwjgl,central-proxy,https://repository.sonatype.org/service/local/artifact/maven/redirect?r=central-proxy&g=com.projectdarkstar.ext.org.lwjgl&a=lwjgl&v=2.0rc2&e=pom, ,
lwjgl-binaries,2.0rc1,com.projectdarkstar.ext.org.lwjgl,central-proxy,https://repository.sonatype.org/service/local/artifact/maven/redirect?r=central-proxy&g=com.projectdarkstar.ext.org.lwjgl&a=lwjgl-binaries&v=2.0rc1&e=pom, ,
lwjgl-binaries,2.0rc2,com.projectdarkstar.ext.org.lwjgl,central-proxy,https://repository.sonatype.org/service/local/artifact/maven/redirect?r=central-proxy&g=com.projectdarkstar.ext.org.lwjgl&a=lwjgl-binaries&v=2.0rc2&e=pom, ,
lwjgl_util,2.0rc1,com.projectdarkstar.ext.org.lwjgl,central-proxy,https://repository.sonatype.org/service/local/artifact/maven/redirect?r=central-proxy&g=com.projectdarkstar.ext.org.lwjgl&a=lwjgl_util&v=2.0rc1&e=pom, ,
lwjgl_util,2.0rc2,com.projectdarkstar.ext.org.lwjgl,central-proxy,https://repository.sonatype.org/service/local/artifact/maven/redirect?r=central-proxy&g=com.projectdarkstar.ext.org.lwjgl&a=lwjgl_util&v=2.0rc2&e=pom, ,
loan-broker-lw-su,3.1.2,org.apache.servicemix.samples.loan-broker,central-proxy,https://repository.sonatype.org/service/local/artifact/maven/redirect?r=central-proxy&g=org.apache.servicemix.samples.loan-broker&a=loan-broker-lw-su&v=3.1.2&e=pom, ,
lxsimenv,1.0,org.objectweb.think.minus.applications.L4,central-proxy,https://repository.sonatype.org/service/local/artifact/maven/redirect?r=central-proxy&g=org.objectweb.think.minus.applications.L4&a=lxsimenv&v=1.0&e=pom, ,
lxsimenv,1.1,org.objectweb.think.minus.applications.L4,central-proxy,https://repository.sonatype.org/service/local/artifact/maven/redirect?r=central-proxy&g=org.objectweb.think.minus.applications.L4&a=lxsimenv&v=1.1&e=pom, ,
lxsimenv,1.1-alpha-2,org.objectweb.think.minus.applications.L4,central-proxy,https://repository.sonatype.org/service/local/artifact/maven/redirect?r=central-proxy&g=org.objectweb.think.minus.applications.L4&a=lxsimenv&v=1.1-alpha-2&e=pom, ,
lxsimenv,1.1-alpha-5,org.objectweb.think.minus.applications.L4,central-proxy,https://repository.sonatype.org/service/local/artifact/maven/redirect?r=central-proxy&g=org.objectweb.think.minus.applications.L4&a=lxsimenv&v=1.1-alpha-5&e=pom, ,
lxsimenv.debug,1.1,org.objectweb.think.minus.applications.L4,central-proxy,https://repository.sonatype.org/service/local/artifact/maven/redirect?r=central-proxy&g=org.objectweb.think.minus.applications.L4&a=lxsimenv.debug&v=1.1&e=pom, ,
lxsimenv.debug,1.1-alpha-2,org.objectweb.think.minus.applications.L4,central-proxy,https://repository.sonatype.org/service/local/artifact/maven/redirect?r=central-proxy&g=org.objectweb.think.minus.applications.L4&a=lxsimenv.debug&v=1.1-alpha-2&e=pom, ,
lxsimenv.debug,1.1-alpha-5,org.objectweb.think.minus.applications.L4,central-proxy,https://repository.sonatype.org/service/local/artifact/maven/redirect?r=central-proxy&g=org.objectweb.think.minus.applications.L4&a=lxsimenv.debug&v=1.1-alpha-5&e=pom, ,
lxsimenv,1.1,org.objectweb.think.minus.applications.L4PseudoGrub,central-proxy,https://repository.sonatype.org/service/local/artifact/maven/redirect?r=central-proxy&g=org.objectweb.think.minus.applications.L4PseudoGrub&a=lxsimenv&v=1.1&e=pom, ,
lxsimenv,1.1-alpha-2,org.objectweb.think.minus.applications.L4PseudoGrub,central-proxy,https://repository.sonatype.org/service/local/artifact/maven/redirect?r=central-proxy&g=org.objectweb.think.minus.applications.L4PseudoGrub&a=lxsimenv&v=1.1-alpha-2&e=pom, ,
lxsimenv,1.1-alpha-5,org.objectweb.think.minus.applications.L4PseudoGrub,central-proxy,https://repository.sonatype.org/service/local/artifact/maven/redirect?r=central-proxy&g=org.objectweb.think.minus.applications.L4PseudoGrub&a=lxsimenv&v=1.1-alpha-5&e=pom, ,
lxsimenv,1.1,org.objectweb.think.minus.applications.L4Userland,central-proxy,https://repository.sonatype.org/service/local/artifact/maven/redirect?r=central-proxy&g=org.objectweb.think.minus.applications.L4Userland&a=lxsimenv&v=1.1&e=pom, ,
lxsimenv,1.1-alpha-2,org.objectweb.think.minus.applications.L4Userland,central-proxy,https://repository.sonatype.org/service/local/artifact/maven/redirect?r=central-proxy&g=org.objectweb.think.minus.applications.L4Userland&a=lxsimenv&v=1.1-alpha-2&e=pom, ,
lxsimenv,1.1-alpha-5,org.objectweb.think.minus.applications.L4Userland,central-proxy,https://repository.sonatype.org/service/local/artifact/maven/redirect?r=central-proxy&g=org.objectweb.think.minus.applications.L4Userland&a=lxsimenv&v=1.1-alpha-5&e=pom, ,
lxsimenv,1.1-alpha-2,org.objectweb.think.minus.applications.pseudoGrub,central-proxy,https://repository.sonatype.org/service/local/artifact/maven/redirect?r=central-proxy&g=org.objectweb.think.minus.applications.pseudoGrub&a=lxsimenv&v=1.1-alpha-2&e=pom, ,
lxsimenv,1.0,org.objectweb.think.minus,central-proxy,https://repository.sonatype.org/service/local/artifact/maven/redirect?r=central-proxy&g=org.objectweb.think.minus&a=lxsimenv&v=1.0&e=pom,SCM[scm:svn:http://svn.mpcom.codex.cro.st.com/svnroot/mpcom/minus/tags/minus-1.0/minus/lxsimenv;scm:svn:http://svn.mpcom.codex.cro.st.com/svnroot/mpcom/minus/tags/minus-1.0/minus/lxsimenv],
lycia,1.9.7,org.sourceprojects.lycia,central-proxy,https://repository.sonatype.org/service/local/artifact/maven/redirect?r=central-proxy&g=org.sourceprojects.lycia&a=lycia&v=1.9.7&e=pom, ,
lycia-legacy,1.9.7,org.sourceprojects.lycia,central-proxy,https://repository.sonatype.org/service/local/artifact/maven/redirect?r=central-proxy&g=org.sourceprojects.lycia&a=lycia-legacy&v=1.9.7&e=pom, ,
lycia-osgi-consumer-test,1.9.7,org.sourceprojects.lycia,central-proxy,https://repository.sonatype.org/service/local/artifact/maven/redirect?r=central-proxy&g=org.sourceprojects.lycia&a=lycia-osgi-consumer-test&v=1.9.7&e=pom, ,
lycia-springintegration,1.9.7,org.sourceprojects.lycia,central-proxy,https://repository.sonatype.org/service/local/artifact/maven/redirect?r=central-proxy&g=org.sourceprojects.lycia&a=lycia-springintegration&v=1.9.7&e=pom, ,
lycia,1.9.8,org.sourceprojects.lycia,central-proxy,https://repository.sonatype.org/service/local/artifact/maven/redirect?r=central-proxy&g=org.sourceprojects.lycia&a=lycia&v=1.9.8&e=pom, ,
lycia,1.9.8A,org.sourceprojects.lycia,central-proxy,https://repository.sonatype.org/service/local/artifact/maven/redirect?r=central-proxy&g=org.sourceprojects.lycia&a=lycia&v=1.9.8A&e=pom, ,
lycia,1.9.8B,org.sourceprojects.lycia,central-proxy,https://repository.sonatype.org/service/local/artifact/maven/redirect?r=central-proxy&g=org.sourceprojects.lycia&a=lycia&v=1.9.8B&e=pom, ,
lycia-legacy,1.9.8,org.sourceprojects.lycia,central-proxy,https://repository.sonatype.org/service/local/artifact/maven/redirect?r=central-proxy&g=org.sourceprojects.lycia&a=lycia-legacy&v=1.9.8&e=pom, ,
lycia-legacy,1.9.8A,org.sourceprojects.lycia,central-proxy,https://repository.sonatype.org/service/local/artifact/maven/redirect?r=central-proxy&g=org.sourceprojects.lycia&a=lycia-legacy&v=1.9.8A&e=pom, ,
lycia-legacy,1.9.8B,org.sourceprojects.lycia,central-proxy,https://repository.sonatype.org/service/local/artifact/maven/redirect?r=central-proxy&g=org.sourceprojects.lycia&a=lycia-legacy&v=1.9.8B&e=pom, ,
lycia-springintegration,1.9.8,org.sourceprojects.lycia,central-proxy,https://repository.sonatype.org/service/local/artifact/maven/redirect?r=central-proxy&g=org.sourceprojects.lycia&a=lycia-springintegration&v=1.9.8&e=pom, ,
lycia-springintegration,1.9.8A,org.sourceprojects.lycia,central-proxy,https://repository.sonatype.org/service/local/artifact/maven/redirect?r=central-proxy&g=org.sourceprojects.lycia&a=lycia-springintegration&v=1.9.8A&e=pom, ,
lycia-springintegration,1.9.8B,org.sourceprojects.lycia,central-proxy,https://repository.sonatype.org/service/local/artifact/maven/redirect?r=central-proxy&g=org.sourceprojects.lycia&a=lycia-springintegration&v=1.9.8B&e=pom, ,
lyciaparent,1.9.7,org.sourceprojects.lycia,central-proxy,https://repository.sonatype.org/service/local/artifact/maven/redirect?r=central-proxy&g=org.sourceprojects.lycia&a=lyciaparent&v=1.9.7&e=pom,SCM[scm:svn:http://lycia.googlecode.com/svn/tags/lyciaparent-1.9.7;http://code.google.com/p/lycia/source/browse/#svn/tags/lyciaparent-1.9.7],
lyciaparent,1.9.8,org.sourceprojects.lycia,central-proxy,https://repository.sonatype.org/service/local/artifact/maven/redirect?r=central-proxy&g=org.sourceprojects.lycia&a=lyciaparent&v=1.9.8&e=pom,SCM[scm:svn:http://lycia.googlecode.com/svn/tags/lyciaparent-1.9.8;http://code.google.com/p/lycia/source/browse/#svn/tags/lyciaparent-1.9.8],
lyciaparent,1.9.8A,org.sourceprojects.lycia,central-proxy,https://repository.sonatype.org/service/local/artifact/maven/redirect?r=central-proxy&g=org.sourceprojects.lycia&a=lyciaparent&v=1.9.8A&e=pom,SCM[scm:svn:http://lycia.googlecode.com/svn/tags/lyciaparent-1.9.8A;http://code.google.com/p/lycia/source/browse/#svn/tags/lyciaparent-1.9.8A],
lyciaparent,1.9.8B,org.sourceprojects.lycia,central-proxy,https://repository.sonatype.org/service/local/artifact/maven/redirect?r=central-proxy&g=org.sourceprojects.lycia&a=lyciaparent&v=1.9.8B&e=pom,SCM[scm:svn:http://lycia.googlecode.com/svn/tags/lyciaparent-1.9.8B;http://code.google.com/p/lycia/source/browse/#svn/tags/lyciaparent-1.9.8B],
lzma,4.65,net.alchim31.3rd.org.7-zip,github-oss,https://repository.sonatype.org/service/local/artifact/maven/redirect?r=github-oss&g=net.alchim31.3rd.org.7-zip&a=lzma&v=4.65&e=pom, ,
lzf,0.1-SNAPSHOT,org.squaledb.modules.compressors,scala-snaphots,https://repository.sonatype.org/service/local/artifact/maven/redirect?r=scala-snaphots&g=org.squaledb.modules.compressors&a=lzf&v=0.1-SNAPSHOT&e=pom, ,
lzma-java,1.1,com.github.jponge,central-proxy,https://repository.sonatype.org/service/local/artifact/maven/redirect?r=central-proxy&g=com.github.jponge&a=lzma-java&v=1.1&e=pom,SCM[scm:git:git://github.com/jponge/lzma-java.git;http://github.com/jponge/lzma-java/tree/master],
lzma-java,1.2,com.github.jponge,central-proxy,https://repository.sonatype.org/service/local/artifact/maven/redirect?r=central-proxy&g=com.github.jponge&a=lzma-java&v=1.2&e=pom,SCM[scm:git:git://github.com/jponge/lzma-java.git;http://github.com/jponge/lzma-java/tree/master],
lzf4hadoop,0.5.0,com.ning,central-proxy,https://repository.sonatype.org/service/local/artifact/maven/redirect?r=central-proxy&g=com.ning&a=lzf4hadoop&v=0.5.0&e=pom,SCM[scm:git:git@github.com:ning/lzf4hadoop.git;http://github.com/ning/lzf4hadoop],
